1649874797843,0.2387513369,-0.1869458109,0.4173143506,0.8566783667,0.0000000000
1649874798044,0.3779992163,-0.7336789370,0.4794122279,0.2983215153,0.0000000000
1649874798244,0.3193863630,-0.7183958888,0.6124386191,0.0825746655,0.0000000000
1649874798440,0.3134350181,-0.5310899019,0.7860033512,0.0435970463,0.0000000000
1649874798636,0.3085282445,-0.2704426348,0.9072452188,0.0926132277,0.0000000000
1649874798833,0.4392368495,0.0094697224,0.8815796375,0.1726230085,0.0000000000
1649874799032,0.5611699224,0.1894487143,0.7200320959,0.3615954220,0.0000000000
1649874799229,0.4773975909,0.2746819556,0.5822021365,0.5980652571,0.0000000000
1649874799420,0.2340668738,0.3056855798,0.4505448341,0.8054677844,0.0000000000
1649874799623,0.2887591720,-0.4415917695,0.5049735904,0.6830933094,0.0000000000
1649874799820,0.4030559659,-0.7015743852,0.5549956560,0.1931815147,0.0000000000
1649874800014,0.3436025977,-0.5670027137,0.7485948801,0.0071362276,0.0000000000
1649874800211,-0.2539098561,0.3329980969,-0.9073363543,0.0371851921,0.0000000000
1649874800404,0.3288715780,-0.0586231910,0.9416874051,0.0403936431,0.0000000000
1649874800606,0.4573589861,0.1831468940,0.8425683379,0.2176202983,0.0000000000
1649874800806,0.4400167167,0.2955952883,0.7068414688,0.4683842659,0.0000000000
1649874801001,0.1968637109,0.3815819621,0.5634559393,0.7058026195,0.0000000000
1649874801196,0.3293102086,-0.3413187861,0.5419505835,0.6937909126,0.0000000000
1649874801389,0.4412743151,-0.6778089404,0.5461148620,0.2181984931,0.0000000000
1649874801593,0.3911089897,-0.5914485455,0.7051392198,0.0010486712,0.0000000000
1649874801790,-0.2642984092,0.3847218454,-0.8836675882,0.0355962254,0.0000000000
1649874801984,-0.3588607311,0.1070802212,-0.9271910787,0.0083373617,0.0000000000
1649874802179,0.5264481306,0.1537035406,0.8203039765,0.1622619033,0.0000000000
1649874802374,0.5407052636,0.2879141569,0.6668324471,0.4243556857,0.0000000000
1649874802578,0.2758908272,0.4023910165,0.5696780086,0.6613869667,0.0000000000
1649874802775,0.2324555367,-0.1204808429,0.4029442668,0.8769747615,0.0000000000
1649874802971,0.3744402528,-0.7442928553,0.4458561242,0.3271619380,0.0000000000
1649874803166,0.3258296251,-0.6804082990,0.6503490210,0.0890263915,0.0000000000
1649874803361,0.2870201766,-0.4562196434,0.8396244049,0.0671858415,0.0000000000
1649874803563,0.4182424545,-0.1986532062,0.8815267086,0.0923083648,0.0000000000
1649874803760,0.5352510810,0.0646999329,0.8085556626,0.2357073426,0.0000000000
1649874803951,0.5541610122,0.2206222713,0.6634778380,0.4516952038,0.0000000000
1649874804153,0.3892744184,0.3210404813,0.5288524628,0.6824320555,0.0000000000
1649874804345,0.2652347088,-0.0633548275,0.2743397057,0.9221574664,0.0000000000
1649874804541,0.2918617129,-0.7765255570,0.3510397971,0.4342762530,0.0000000000
1649874804739,0.2654528022,-0.7391074896,0.5977140665,0.1612229049,0.0000000000
1649874804935,0.2612508237,-0.5233034492,0.8064463139,0.0868669972,0.0000000000
1649874805134,0.3176282048,-0.2603215277,0.8986398578,0.1542446911,0.0000000000
1649874805330,0.4537210464,-0.0002697346,0.8565065861,0.2460357994,0.0000000000
1649874805526,0.4749903977,0.2067485601,0.7418763041,0.4257448912,0.0000000000
1649874805724,0.2895022631,0.3934301734,0.5929745436,0.6401424408,0.0000000000
1649874805920,0.1796892136,0.0931614116,0.4175515473,0.8858236074,0.0000000000
1649874806118,0.3250041306,-0.7752046585,0.3841358721,0.3819289207,0.0000000000
1649874806316,0.2766094208,-0.7502722144,0.5827305913,0.1449270546,0.0000000000
1649874806511,0.2542524934,-0.5463303924,0.7975466847,0.0282491278,0.0000000000
1649874806707,0.3609130383,-0.2964596748,0.8805561662,0.0804632530,0.0000000000
1649874806904,0.4973484874,-0.0161296558,0.8405893445,0.2139951289,0.0000000000
1649874807108,0.5957357287,0.1391286999,0.6642507911,0.4295498431,0.0000000000
1649874807302,0.3798965812,0.3043273687,0.5774157047,0.6554803848,0.0000000000
1649874807497,0.2883799076,-0.1712886095,0.3627215028,0.8694425821,0.0000000000
1649874807703,0.2531743050,-0.8180859685,0.3848350346,0.3442966044,0.0000000000
1649874807894,0.1437733769,-0.7171616554,0.6558652520,0.1866792291,0.0000000000
1649874808092,0.1253752708,-0.4671774507,0.8632960320,0.1440355033,0.0000000000
1649874808283,0.2793898880,-0.1795601994,0.9256203771,0.1814560741,0.0000000000
1649874808482,0.5326527953,0.0312813260,0.7683383226,0.3534949124,0.0000000000
1649874808679,0.4086066782,0.2556244731,0.6439382434,0.5941718817,0.0000000000
1649874808878,0.2731046677,0.2388104647,0.3630209267,0.8582535982,0.0000000000
1649874809078,0.1389398128,-0.5671645999,0.3667700589,0.7242235541,0.0000000000
1649874809275,0.2162610292,-0.7948747277,0.5431206226,0.1625586599,0.0000000000
1649874809465,0.1659013629,-0.5654827952,0.8038778305,0.0805377588,0.0000000000
1649874809669,0.1872576475,-0.2769564390,0.9272578955,0.1685898453,0.0000000000
1649874809866,0.3880806565,-0.0318279602,0.8726459742,0.2947360873,0.0000000000
1649874810063,0.4215566814,0.1557787657,0.7090353370,0.5434075594,0.0000000000
1649874810259,0.3033118248,0.2451853007,0.4346937835,0.8117434382,0.0000000000
1649874810450,0.2524646521,-0.4817074835,0.3854573071,0.7454140782,0.0000000000
1649874810653,0.3165911734,-0.7534432411,0.5346841812,0.2149561197,0.0000000000
1649874810844,0.2231277823,-0.5824176073,0.7812517285,0.0254833624,0.0000000000
1649874811041,0.1792544872,-0.3230025768,0.9287874103,0.0298512634,0.0000000000
1649874811243,0.4039199650,-0.0650590882,0.9084575176,0.0855624005,0.0000000000
1649874811435,0.4847754240,0.1046451777,0.8042047620,0.3275619447,0.0000000000
1649874811634,0.3503148556,0.2691791058,0.6615043879,0.6059983969,0.0000000000
1649874811834,0.2533029020,0.0209526252,0.3745836914,0.8916757703,0.0000000000
1649874812028,0.3914188445,-0.7329558134,0.4405200183,0.3398664296,0.0000000000
1649874812229,0.3152315617,-0.6765200496,0.6636838317,0.0497340783,0.0000000000
1649874812428,-0.2675100565,0.4354783893,-0.8595052361,0.0069069662,0.0000000000
1649874812623,0.3358421624,-0.1528507471,0.9289970398,0.0284809414,0.0000000000
1649874812820,0.5110820532,0.0473493859,0.8257620335,0.2338167280,0.0000000000
1649874813011,0.4340625703,0.1939447820,0.7100605369,0.5194123387,0.0000000000
1649874813215,0.2777487338,0.1834150106,0.4751124680,0.8145444989,0.0000000000
1649874813408,0.3615304530,-0.6289466023,0.4446400702,0.5253732800,0.0000000000
1649874813608,0.3999379873,-0.7271141410,0.5543739796,0.0634356663,0.0000000000
1649874813804,-0.3346259296,0.5196249485,-0.7819306850,0.0812393799,0.0000000000
1649874813995,-0.2501710951,0.2574562430,-0.9331594706,0.0185492169,0.0000000000
1649874814195,0.3875699937,-0.0047200224,0.9139696956,0.1201109961,0.0000000000
1649874814396,0.4212204218,0.1554518491,0.8070656061,0.3834751546,0.0000000000
1649874814593,0.1922562867,0.2628852725,0.6699342728,0.6671708226,0.0000000000
1649874814789,0.2818868458,-0.3844705820,0.5113928318,0.7149822116,0.0000000000
1649874814980,0.3869238496,-0.7895274162,0.4504444003,0.1550362706,0.0000000000
1649874815183,-0.3482112586,0.6440311074,-0.6800580025,0.0386518650,0.0000000000
1649874815382,-0.2922674417,0.3773211837,-0.8762319088,0.0665287971,0.0000000000
1649874815576,0.3056296408,-0.1251002997,0.9436998367,0.0192619506,0.0000000000
1649874815770,0.4782244563,0.0426630713,0.8541435599,0.1997999698,0.0000000000
1649874815965,0.4746672213,0.1500866115,0.7277908921,0.4716836810,0.0000000000
1649874816169,0.2295424938,0.2956259549,0.5515397191,0.7454659343,0.0000000000
1649874816364,0.2553274930,-0.4006929100,0.4277541935,0.7689469457,0.0000000000
1649874816561,0.3639755249,-0.7879669070,0.4519983232,0.2057365328,0.0000000000
1649874816758,0.2811763883,-0.6387704015,0.7147665024,0.0449563600,0.0000000000
1649874816950,0.2909932137,-0.3816342652,0.8769424558,0.0254978929,0.0000000000
1649874817151,0.3484565914,-0.1320372671,0.9243850708,0.0815867707,0.0000000000
1649874817351,0.5243788958,0.0451173894,0.8107692599,0.2562116385,0.0000000000
1649874817542,0.4548242986,0.1789806485,0.6812399030,0.5449889302,0.0000000000
1649874817746,0.2655415833,0.2735220492,0.4757289290,0.7926886678,0.0000000000
1649874817938,0.3558670580,-0.6476207376,0.5033493638,0.4478676021,0.0000000000
1649874818137,-0.3607090712,0.7203219533,-0.5905287862,0.0479687639,0.0000000000
1649874818335,-0.2507368624,0.5437912941,-0.7752624154,0.2009732574,0.0000000000
1649874818526,-0.3072849214,0.2995226681,-0.8894898295,0.1570668668,0.0000000000
1649874818729,0.3496840894,-0.0530567467,0.9350090027,0.0257720444,0.0000000000
1649874818928,0.4436509013,0.1214967966,0.8329987526,0.3074499369,0.0000000000
1649874819123,0.2470749915,0.3330764174,0.7006483078,0.5806083083,0.0000000000
1649874819321,0.2815211415,-0.1305133700,0.4720306695,0.8251661062,0.0000000000
1649874819511,0.3427450955,-0.7731595635,0.4207290411,0.3282333910,0.0000000000
1649874819714,0.2692606747,-0.7066601515,0.6521047950,0.0537533648,0.0000000000
1649874819911,-0.3133856058,0.4691907763,-0.8244830966,0.0433249921,0.0000000000
1649874820105,0.3163435757,-0.1951195002,0.9263311028,0.0613658726,0.0000000000
1649874820302,0.4935911894,0.0445310138,0.8330505490,0.2457875311,0.0000000000
1649874820495,0.5260988474,0.1543568671,0.6441785693,0.5333178639,0.0000000000
1649874820697,0.2839797437,0.2804562151,0.4964401126,0.7708742023,0.0000000000
1649874820894,0.3123751879,-0.5419222116,0.4524753094,0.6356163621,0.0000000000
1649874821089,0.3317062259,-0.7629448175,0.5464130044,0.0965350047,0.0000000000
1649874821289,-0.2800578475,0.6081878543,-0.7416009307,0.0412692800,0.0000000000
1649874821490,0.2462567240,-0.3758614063,0.8926690221,0.0350400805,0.0000000000
1649874821683,0.3682996333,-0.0927459896,0.9184976220,0.1100711972,0.0000000000
1649874821881,0.5061514378,0.1080586687,0.7866885662,0.3365339935,0.0000000000
1649874822073,0.2849219441,0.3155227602,0.6741450429,0.6039811969,0.0000000000
1649874822274,0.2212499678,0.1338991076,0.4143432975,0.8726047873,0.0000000000
1649874822472,0.2342649996,-0.7916002870,0.3812536597,0.4160944223,0.0000000000
1649874822669,-0.2787927091,0.7704088092,-0.5733064413,0.0080351951,0.0000000000
1649874822866,-0.2421337515,0.5550821424,-0.7954117656,0.0239822585,0.0000000000
1649874823056,0.2413873523,-0.3085935712,0.9180622697,0.0605292544,0.0000000000
1649874823259,0.4046946168,-0.0837685093,0.8896861672,0.1940710843,0.0000000000
1649874823454,0.4808482528,0.0768100470,0.7550988197,0.4389885664,0.0000000000
1649874823650,0.3320110440,0.2555960715,0.5785775185,0.6997766495,0.0000000000
1649874823851,0.3029465377,-0.3069202602,0.3635579348,0.8257414699,0.0000000000
1649874824041,0.2951880395,-0.8427637219,0.3793663979,0.2422693074,0.0000000000
1649874824245,0.2211976200,-0.7152899504,0.6555466652,0.0984403491,0.0000000000
1649874824442,0.2718217075,-0.4702729285,0.8360952735,0.0768183395,0.0000000000
1649874824635,0.4226714671,-0.2147994787,0.8674995303,0.1505142897,0.0000000000
1649874824835,0.5616028905,-0.0259782672,0.7557941675,0.3357118964,0.0000000000
1649874825026,0.4359608591,0.1190855876,0.6576683521,0.6026849151,0.0000000000
1649874825229,0.2423728555,0.2062106431,0.4673935473,0.8247883320,0.0000000000
1649874825426,0.3079231381,-0.7014585733,0.4639077783,0.4448918700,0.0000000000
1649874825622,-0.3464015722,0.7449710369,-0.5694017410,0.0283863991,0.0000000000
1649874825819,-0.2992538214,0.5476645231,-0.7746875882,0.1018324122,0.0000000000
1649874826018,-0.2743524611,0.2871568501,-0.9168357849,0.0410341732,0.0000000000
1649874826215,0.3849042654,-0.0198088977,0.9184817076,0.0885872245,0.0000000000
1649874826411,0.5125663280,0.1109253094,0.7612659335,0.3813732564,0.0000000000
1649874826605,0.2577932775,0.2889262140,0.6263365746,0.6765846610,0.0000000000
1649874826804,0.3448235691,-0.5753936768,0.5252269506,0.5235985518,0.0000000000
1649874826997,-0.4403483570,0.7060950994,-0.5502232313,0.0691187978,0.0000000000
1649874827196,-0.3752602339,0.5300073028,-0.7284573913,0.2182243466,0.0000000000
1649874827396,-0.3170956075,0.2934751213,-0.8922327757,0.1313142627,0.0000000000
1649874827587,-0.4399724901,0.0274502989,-0.8975675106,0.0065738098,0.0000000000
1649874827790,0.4917447269,0.1376083046,0.8091645241,0.2906954587,0.0000000000
1649874827982,0.2320621610,0.3622342050,0.6887830496,0.5835335851,0.0000000000
1649874828177,0.3626700938,-0.3636007905,0.5412226319,0.6658400297,0.0000000000
1649874828378,0.4177877307,-0.7379742265,0.5269841552,0.0559923314,0.0000000000
1649874828572,-0.3404582441,0.5762029290,-0.7254620790,0.1605711877,0.0000000000
1649874828775,-0.2385830283,0.3470115066,-0.9056605101,0.0493986234,0.0000000000
1649874828973,0.4244135320,-0.0687180087,0.9010012150,0.0578597747,0.0000000000
1649874829169,0.5115808249,0.1309301406,0.7880788445,0.3163448870,0.0000000000
1649874829365,0.3516390920,0.2923354805,0.6030440331,0.6536266804,0.0000000000
1649874829556,0.3482409716,-0.3489045799,0.3933375478,0.7760666013,0.0000000000
1649874829757,0.4131528139,-0.8058685660,0.4101002812,0.1081590280,0.0000000000
1649874829953,-0.3179580867,0.6339941025,-0.7015453577,0.0691968352,0.0000000000
1649874830152,-0.3588442504,0.3943180144,-0.8460027575,0.0048374897,0.0000000000
1649874830353,0.5020292997,-0.1237437576,0.8526086807,0.0755808726,0.0000000000
1649874830556,0.6254364848,0.0280079469,0.7183578014,0.3033262789,0.0000000000
1649874830742,0.4557772279,0.2468177378,0.6093358994,0.6000482440,0.0000000000
1649874830947,0.3955219686,-0.2298706621,0.3381480277,0.8224219084,0.0000000000
1649874831133,0.3602184653,-0.8664250970,0.3325891197,0.0945235565,0.0000000000
1649874831335,0.2671019137,-0.7141556144,0.6466373205,0.0223266743,0.0000000000
1649874831534,0.3238076866,-0.4512621164,0.8290825486,0.0642900616,0.0000000000
1649874831731,0.3614550829,-0.1467202306,0.9101260900,0.1396206915,0.0000000000
1649874831926,0.6005601883,0.0205210969,0.7229758501,0.3408991992,0.0000000000
1649874832117,0.4350240231,0.2946139872,0.5795269012,0.6229809523,0.0000000000
1649874832321,0.3787892163,-0.3131094873,0.3060557842,0.8153594732,0.0000000000
1649874832518,0.3342589736,-0.8065052629,0.4205630124,0.2468743324,0.0000000000
1649874832712,0.2794461846,-0.6103206277,0.7387608886,0.0604226813,0.0000000000
1649874832908,0.2807556987,-0.3645069003,0.8780831695,0.1314566731,0.0000000000
1649874833102,0.5175938010,-0.1132922992,0.8166835904,0.2286688387,0.0000000000
1649874833306,0.5737808943,0.0880981758,0.6736937761,0.4573301673,0.0000000000
1649874833502,0.4898262024,0.1536874175,0.4025359452,0.7579019070,0.0000000000
1649874833698,0.2398144454,-0.7990382314,0.4919987023,0.2489260882,0.0000000000
1649874833894,-0.2958073616,0.6783879399,-0.6537839770,0.1576526761,0.0000000000
1649874834087,-0.2895675600,0.4505471289,-0.8220379353,0.1934205443,0.0000000000
1649874834291,-0.2367430478,0.2439210415,-0.9404507875,0.0027608359,0.0000000000
1649874834487,0.3929967582,-0.0001841352,0.9028860927,0.1742132008,0.0000000000
1649874834681,0.5357949138,0.0386801437,0.7200508118,0.4392658770,0.0000000000
1649874834882,0.3436366022,0.1484088749,0.5655880570,0.7348461747,0.0000000000
1649874835076,0.3098596334,-0.6458033919,0.4188217819,0.5581337810,0.0000000000
1649874835275,0.3283739388,-0.7702319026,0.5460182428,0.0278832857,0.0000000000
1649874835467,-0.3097461760,0.5713351965,-0.7536092401,0.0985213891,0.0000000000
1649874835666,0.2564954758,-0.3459672332,0.9015280008,0.0419995859,0.0000000000
1649874835861,0.4479572177,-0.1127032116,0.8707173467,0.1687709391,0.0000000000
1649874836064,0.5524286628,0.0290913451,0.7189203501,0.4208678901,0.0000000000
1649874836260,0.2776106894,0.2619623840,0.6144031882,0.6905192137,0.0000000000
1649874836456,0.2681865692,-0.3919805884,0.4406368136,0.7617521882,0.0000000000
1649874836647,0.3723010123,-0.8307930827,0.4027545750,0.0946758538,0.0000000000
1649874836850,0.3083412945,-0.6620336771,0.6831075549,0.0010518214,0.0000000000
1649874837053,0.3620133400,-0.4273177981,0.8263095617,0.0596518442,0.0000000000
1649874837242,0.4928574860,-0.1670758575,0.8380233049,0.1639942676,0.0000000000
1649874837438,0.5582593679,0.0620777607,0.7484261394,0.3526346087,0.0000000000
1649874837632,0.4090207219,0.2665710151,0.6274750829,0.6065616012,0.0000000000
1649874837834,0.3964130878,-0.2187591493,0.2598170638,0.8529338837,0.0000000000
1649874838032,0.3632337749,-0.8062105179,0.3337692916,0.3266249299,0.0000000000
1649874838228,0.3087405264,-0.6788346767,0.6577609777,0.1058925241,0.0000000000
1649874838427,0.3372846842,-0.4472547472,0.8252993822,0.0712964162,0.0000000000
1649874838617,0.3262245953,-0.1451202184,0.9201998115,0.1604679078,0.0000000000
1649874838820,0.4979349971,0.0912748203,0.7967409492,0.3300507367,0.0000000000
1649874839017,0.4278168380,0.2525339127,0.6284021139,0.5985901952,0.0000000000
1649874839210,0.3815233409,-0.0909942761,0.2317310721,0.8902026415,0.0000000000
1649874839412,0.4006186128,-0.7483254671,0.3915814459,0.3552150130,0.0000000000
1649874839606,0.3106425405,-0.6600952148,0.6796198487,0.0767616257,0.0000000000
1649874839805,0.3151976764,-0.4085051715,0.8565843701,0.0060959179,0.0000000000
1649874840014,0.3255853653,-0.1108873561,0.9353223443,0.0828869790,0.0000000000
1649874840194,0.4471274614,0.1175547540,0.8463547826,0.2644645274,0.0000000000
1649874840394,0.3867307007,0.2857128084,0.7231730819,0.4958107173,0.0000000000
1649874840589,0.4330169857,0.0223814342,0.3436603546,0.8330023289,0.0000000000
1649874840791,0.4170905054,-0.6949394345,0.3935235143,0.4338593483,0.0000000000
1649874840990,0.3207795322,-0.7027178407,0.6329910159,0.0510927700,0.0000000000
1649874841178,-0.3771486580,0.4498183727,-0.8069010377,0.0658259913,0.0000000000
1649874841381,0.3627082109,-0.1402847171,0.9212830067,0.0007818786,0.0000000000
1649874841576,0.4923216105,0.1183963269,0.8423253298,0.1846342087,0.0000000000
1649874841770,0.4943401217,0.2472386658,0.6767430902,0.4863329232,0.0000000000
1649874841967,0.4296802282,0.0760243610,0.3840552270,0.8136932850,0.0000000000
1649874842162,0.3969803751,-0.6877142787,0.4283336103,0.4312609136,0.0000000000
1649874842366,0.3145420849,-0.6991568804,0.6405553222,0.0439520031,0.0000000000
1649874842560,-0.3715273142,0.4710843861,-0.7939283848,0.0986138210,0.0000000000
1649874842754,-0.3811978400,0.1895401329,-0.9048550129,0.0003693565,0.0000000000
1649874842950,0.5143070817,0.0639272928,0.8401020765,0.1600939035,0.0000000000
1649874843146,0.5037755966,0.1865037382,0.7108173370,0.4540541470,0.0000000000
1649874843349,0.3284755945,0.2339991778,0.4957179725,0.7691630721,0.0000000000
1649874843547,0.3091916740,-0.6754366159,0.4887982607,0.4574518204,0.0000000000
1649874843744,-0.3088628650,0.7128404379,-0.6296402812,0.0039229211,0.0000000000
1649874843943,-0.3034617305,0.4854170382,-0.8135785460,0.1018392742,0.0000000000
1649874844136,0.2625999153,-0.2246244997,0.9383801818,0.0052718166,0.0000000000
1649874844334,0.3748409450,0.0384758860,0.9159571528,0.1379723400,0.0000000000
1649874844533,0.4935891032,0.1727308482,0.7495755553,0.4057959616,0.0000000000
1649874844726,0.2887564600,0.2635746598,0.5866433978,0.7092232704,0.0000000000
1649874844926,0.3385087550,-0.5838981867,0.4687559307,0.5698619485,0.0000000000
1649874845120,0.3665801883,-0.7397169471,0.5552992821,0.1004016027,0.0000000000
1649874845321,-0.3629760444,0.5633352399,-0.7369445562,0.0883998275,0.0000000000
1649874845516,0.3007296920,-0.3402919173,0.8908881545,0.0090193665,0.0000000000
1649874845709,0.3792324364,-0.0803992599,0.9118870497,0.1348360181,0.0000000000
1649874845911,0.5440778136,0.0833361298,0.7542729974,0.3579199016,0.0000000000
1649874846107,0.4453938007,0.2088308930,0.5854757428,0.6443850994,0.0000000000
1649874846305,0.3517772853,-0.1637406796,0.3268419504,0.8617517352,0.0000000000
1649874846503,0.2810322046,-0.7653170228,0.3718888760,0.4438574612,0.0000000000
1649874846693,0.2410226613,-0.7150031328,0.6344816089,0.1676653624,0.0000000000
1649874846896,0.3215653002,-0.4956810474,0.8049017191,0.0550388955,0.0000000000
1649874847093,0.3327919841,-0.2194710523,0.9065456986,0.1387691796,0.0000000000
1649874847292,0.4517538548,0.0185467917,0.8490032554,0.2734373212,0.0000000000
1649874847484,0.5026507378,0.1428474337,0.6971685886,0.4908082783,0.0000000000
1649874847677,0.3846507967,0.2331898510,0.4691697061,0.7599645257,0.0000000000
1649874847881,0.3330907226,-0.6735091805,0.5107128024,0.4178616703,0.0000000000
1649874848078,-0.4252897203,0.6807225943,-0.5882077217,0.0987777859,0.0000000000
1649874848271,-0.3085706830,0.5049164891,-0.8001001477,0.0984033421,0.0000000000
1649874848473,-0.3366416693,0.2532211244,-0.9069240689,0.0063387132,0.0000000000
1649874848662,0.4891956747,0.0063734017,0.8610653281,0.1386126727,0.0000000000
1649874848864,0.4837813377,0.2023272365,0.7658273578,0.3721931577,0.0000000000
1649874849059,0.2023521215,0.4198794365,0.6548716426,0.5948932767,0.0000000000
1649874849259,0.2560640574,-0.2916002572,0.5238888860,0.7582486272,0.0000000000
1649874849458,0.4104737639,-0.7592141032,0.4871766865,0.1332818568,0.0000000000
1649874849651,-0.3669332266,0.5906506181,-0.7176215053,0.0388743244,0.0000000000
1649874849851,0.3187054098,-0.3276365399,0.8890303969,0.0265734270,0.0000000000
1649874850051,0.4469875991,-0.0287809260,0.8890703917,0.0944857672,0.0000000000
1649874850238,0.5409454703,0.1732733101,0.7467824221,0.3459341228,0.0000000000
1649874850441,0.2906310856,0.3972944319,0.6098805070,0.6210768819,0.0000000000
1649874850638,0.2752855718,-0.3539562523,0.5469038486,0.7069858909,0.0000000000
1649874850832,0.3845312893,-0.7249812484,0.5525683761,0.1456231028,0.0000000000
1649874851029,-0.3065283895,0.5615629554,-0.7682561278,0.0216769706,0.0000000000
1649874851223,0.1916456968,-0.3099414706,0.9291843772,0.0618433170,0.0000000000
1649874851424,0.3408053219,-0.0202393737,0.9372254610,0.0710672066,0.0000000000
1649874851619,0.5645928979,0.1152926907,0.7561716437,0.3100756407,0.0000000000
1649874851819,0.2977121770,0.3374260664,0.6645491123,0.5965614915,0.0000000000
1649874852014,0.3731585741,-0.3157258928,0.4900395572,0.7217555642,0.0000000000
1649874852208,0.4217339456,-0.6844112873,0.5486876965,0.2294853330,0.0000000000
1649874852411,-0.4140588343,0.5418207645,-0.7267299891,0.0827590078,0.0000000000
1649874852608,-0.3630514741,0.3099860549,-0.8772425056,0.0504760221,0.0000000000
1649874852804,0.3674886823,-0.0239909608,0.9287584424,0.0422399044,0.0000000000
1649874853002,0.4292076826,0.1644317210,0.8415533900,0.2837795019,0.0000000000
1649874853198,0.2424988896,0.3731734157,0.6656976938,0.5989845395,0.0000000000
1649874853396,0.3159570396,-0.2543335557,0.5173540115,0.7535452247,0.0000000000
1649874853589,0.5096881390,-0.7123110294,0.4499171674,0.1743717045,0.0000000000
1649874853786,-0.3832262456,0.5649367571,-0.7300882339,0.0309074558,0.0000000000
1649874853985,-0.3724044561,0.3370968103,-0.8622280359,0.0651419386,0.0000000000
1649874854183,0.3420487046,-0.0716232583,0.9365845323,0.0261189006,0.0000000000
1649874854382,0.4861522019,0.1299499720,0.8354469538,0.2209013253,0.0000000000
1649874854576,0.3199573755,0.3066413701,0.7304215431,0.5196948051,0.0000000000
1649874854769,0.2866415083,-0.1208339781,0.4393302202,0.8427483439,0.0000000000
1649874854971,0.3718108237,-0.7748215199,0.4308711588,0.2752424479,0.0000000000
1649874855165,0.3375931382,-0.6462678313,0.6819131374,0.0579930171,0.0000000000
1649874855363,0.2842482924,-0.3781931698,0.8779658675,0.0731354132,0.0000000000
1649874855563,0.3436101377,-0.0862815604,0.9257875085,0.1319281906,0.0000000000
1649874855753,0.4188502431,0.1222616732,0.8314838409,0.3438766897,0.0000000000
1649874855957,0.2918812633,0.2651593685,0.6070352793,0.6899304390,0.0000000000
1649874856154,0.3100316823,-0.5745815635,0.5273848176,0.5436925888,0.0000000000
1649874856352,-0.3862315714,0.7014212608,-0.5989985466,0.0058417255,0.0000000000
1649874856546,-0.3315469325,0.4991257191,-0.7916398048,0.1194009334,0.0000000000
1649874856739,0.2723408937,-0.2603043914,0.9260755777,0.0213560779,0.0000000000
1649874856942,0.2900525331,-0.0037306366,0.9457021356,0.1466394514,0.0000000000
1649874857139,0.4524855316,0.0953377336,0.7980048060,0.3864659071,0.0000000000
1649874857331,0.2710643113,0.2139819562,0.6317535639,0.6939908266,0.0000000000
1649874857533,0.3794182241,-0.6048178077,0.4680564106,0.5207306147,0.0000000000
1649874857723,0.4195885956,-0.7353610992,0.5317515731,0.0207303949,0.0000000000
1649874857924,-0.3505911529,0.5412539840,-0.7600284219,0.0805408582,0.0000000000
1649874858120,0.2612821758,-0.2953519523,0.9178726077,0.0448188558,0.0000000000
1649874858316,0.3911935389,-0.0360036157,0.9026715755,0.1756571382,0.0000000000
1649874858515,0.3582400084,0.1739404351,0.8199343681,0.4112377167,0.0000000000
1649874858723,0.2530816495,0.2900665104,0.5779721141,0.7195549607,0.0000000000
1649874858909,-0.0415827595,-0.7842770219,0.4348694980,0.4405326247,0.0000000000
1649874859108,0.0679105073,-0.7017514706,0.7089762092,0.0169053450,0.0000000000
1649874859299,-0.1092303023,0.4944420159,-0.8609125018,0.0492493734,0.0000000000
1649874859503,0.1152391657,-0.2606852651,0.9564265609,0.0633354932,0.0000000000
