1649932419997,17.4510993958,-16.8424434662,0.6152338982
1649932420177,-7.9014582634,-27.2871189117,-15.4570627213
1649932420406,5.1492018700,-15.6655197144,-2.7941627502
1649932420589,-4.6821289062,-10.8313398361,0.7621574402
1649932420767,-10.5080289841,-19.5247077942,-0.4640077353
1649932421003,-0.8542270660,0.3899242878,20.3742694855
1649932421181,3.7657327652,-1.0485737324,5.6217389107
1649932421354,5.7413358688,-5.7241268158,-3.8046231270
1649932421592,10.6018142700,-22.1845359802,-4.5961852074
1649932421773,-10.0796575546,-20.6069488525,-13.6223392487
1649932421943,8.5302248001,-12.2298336029,-1.3003945351
1649932422187,-5.1652922630,-11.2447090149,-1.4694242477
1649932422363,-14.0204515457,-19.8300380707,-0.0055892467
1649932422537,0.7312293053,-2.7789111137,19.9708251953
1649932422777,9.3444633484,-2.4646139145,0.3416838646
1649932422948,12.7971448898,-8.1551036835,-4.5050849915
1649932423129,6.3139524460,-30.0131721497,-13.0606250763
1649932423369,-4.1185817719,-17.3762435913,-9.6792249680
1649932423545,2.0823283195,-6.5165791512,0.0567812920
1649932423723,-8.0640125275,-11.5327186584,-4.8814854622
1649932423954,-6.2226209641,-12.7280731201,14.4614429474
1649932424139,10.8043956757,-0.4842140675,12.6864404678
1649932424313,7.6096858978,-2.6689724922,-2.0542149544
1649932424548,13.0833997726,-21.8746795654,-3.5931966305
1649932424728,-4.7857680321,-24.3448486328,-14.9193305969
1649932424898,4.0394382477,-10.3067646027,-5.5723218918
1649932425142,0.2224125862,-8.1726961136,-2.9833989143
1649932425316,-8.6811618805,-16.3255901337,-1.9204207659
1649932425492,-2.8216624260,-3.5084474087,20.0753173828
1649932425733,6.0791544914,-0.1101886630,6.7828426361
1649932425904,12.0778722763,-8.6142168045,-2.6598615646
1649932426088,9.5290050507,-27.5517082214,-7.2541933060
1649932426324,-1.7701559067,-14.8728542328,-15.2461023331
1649932426499,9.9792394638,-7.7350564003,-0.2623362541
1649932426683,-2.2155423164,-8.9825553894,-3.1388626099
1649932426907,-8.4057073593,-17.2712059021,3.4001610279
1649932427093,5.8822956085,-0.4620220661,18.9712924957
1649932427270,6.7611217499,-3.2055959702,2.1901187897
1649932427507,12.7499437332,-9.8678359985,-2.7146074772
1649932427683,2.1355807781,-26.2736644745,-13.4637041092
1649932427854,-2.5609326363,-12.4359540939,-11.0590581894
1649932428099,4.0393147469,-9.5447816849,2.0871376991
1649932428274,-5.1512565613,-10.8525314331,-4.8181858063
1649932428446,-9.1154499054,-14.0966930389,10.8681201935
1649932428686,8.6424493790,-0.2318633795,12.9608306885
1649932428865,7.4457950592,-4.9259753227,-3.2795791626
1649932429044,11.7396993637,-21.0871200562,-9.2573614120
1649932429276,-10.3254261017,-22.7577705383,-9.4483213425
1649932429451,2.2484831810,-9.1510076523,-6.0600872040
1649932429633,1.0239679813,-8.1414794922,0.3816018105
1649932429871,-8.2299890518,-16.9656639099,0.8908607960
1649932430048,4.1367673874,-4.0207185745,20.2864055634
1649932430223,4.8291273117,1.2180107832,9.8656845093
1649932430456,7.9064683914,-6.4883637428,-2.5288653374
1649932430638,9.5200176239,-22.2225131989,-6.7284059525
1649932430811,-11.3815460205,-18.3250617981,-10.9246416092
1649932431051,6.0938868523,-10.8828277588,-10.4356393814
1649932431230,-0.0293478966,-11.8165893555,3.2470660210
1649932431405,-9.4959707260,-16.6285552979,-2.0773332119
1649932431645,9.0217761993,-4.5442781448,22.7142982483
1649932431820,7.6909723282,1.5086951256,4.7959933281
1649932431992,8.1084346771,-8.5538120270,-1.9044528008
1649932432236,9.1756114960,-20.7184677124,-4.9636616707
1649932432408,-6.9453721046,-20.0435619354,-11.0438632965
1649932432589,7.9149050713,-10.7115020752,-3.2816042900
1649932432826,-2.3412289619,-9.2818870544,-0.5649266243
1649932432997,-8.2462959290,-14.6052541733,-1.4650268555
1649932433179,-4.2660388947,-8.6652841568,17.1272964478
1649932433415,10.2886981964,-1.9148823023,6.9638557434
1649932433595,8.8151626587,-5.1433501244,-1.2151985168
1649932433770,10.6764354706,-24.9022769928,-6.4784102440
1649932434001,-6.4914426804,-20.0806465149,-12.9762840271
1649932434182,4.5206775665,-9.9007463455,-3.5330734253
1649932434358,-3.9958381653,-9.7860002518,-2.6428601742
1649932434600,-9.8400516510,-18.2583065033,1.6625199318
1649932434777,-1.9710400105,-1.1630787849,22.1156196594
1649932434948,5.1156516075,-0.2706111670,5.3401670456
1649932435189,12.0327873230,-8.8709526062,-1.5965828896
1649932435367,7.7615318298,-25.8323879242,-10.7755184174
1649932435540,-4.9215159416,-15.6047592163,-16.3614635468
1649932435778,3.3621733189,-7.9908246994,-1.3053355217
1649932435957,-4.0583820343,-8.0378055573,-2.2633993626
1649932436138,-9.1644573212,-13.8723201752,4.9260082245
1649932436374,1.6319153309,1.1739442348,20.2023620605
1649932436544,6.3308353424,-1.7402611971,2.3522460461
1649932436729,9.7291564941,-9.6019048691,-5.1269373894
1649932436972,5.4940443039,-23.6241493225,-8.3671855927
1649932437135,0.1743595600,-14.3255605698,-15.6623773575
1649932437316,6.6622805595,-7.3900074959,-2.1439323425
1649932437550,-2.9663009644,-8.5632810593,-2.0235822201
1649932437733,-8.6753215790,-13.5925369263,2.0906338692
1649932437908,-1.3442621231,-0.1960086823,20.6247673035
1649932438147,7.0116429329,-3.1644816399,4.8121666908
1649932438321,9.6324129105,-11.7563142776,-3.8723139763
1649932438494,5.7956199646,-24.3875789642,-8.9227333069
1649932438734,-4.1447124481,-15.3461084366,-14.3707809448
1649932438917,5.1664724350,-8.5504760742,-2.0079824924
1649932439092,-5.7865152359,-10.0507640839,-2.5299327374
1649932439326,-6.5777668953,-13.3392543793,7.7454490662
1649932439500,3.1280298233,0.9713110328,21.0478553772
1649932439681,5.2168231010,-1.9905333519,-1.2206523418
1649932439920,8.9726400375,-13.7467174530,-7.9835052490
1649932440091,2.3285892010,-23.3004589081,-7.7852272987
1649932440276,-2.2367560863,-13.5696678162,-15.5858497620
1649932440504,4.4245276451,-8.7620849609,0.2655794621
1649932440685,-6.1517267227,-9.8129062653,-3.5491368771
1649932440867,-6.8847904205,-12.1476697922,7.6510639191
1649932441103,2.1961607933,1.3139134645,17.7504749298
1649932441280,7.6393680573,-4.0689263344,-3.7864949703
1649932441457,10.7349424362,-13.7486133575,-2.7120258808
1649932441690,0.6268033981,-21.0466766357,-11.1129655838
1649932441870,5.6219120026,-13.2746257782,-12.8389205933
1649932442042,2.3616938591,-9.5875921249,2.6263062954
1649932442281,-5.7973699570,-12.4701080322,-6.2559156418
1649932442463,-8.3947410583,-10.2165374756,11.1245937347
1649932442637,6.4334697723,-1.3440562487,15.1628971100
1649932442878,8.5836009979,-2.8521919250,-6.0119547844
1649932443047,12.1314353943,-14.9104232788,-1.7421178818
1649932443228,-0.5946581364,-22.4650630951,-9.9166164398
1649932443467,4.5629520416,-12.9404287338,-12.3916368484
1649932443643,-0.3864581585,-9.1650800705,-0.8942492008
1649932443822,-6.0372843742,-11.5816316605,-9.2240171432
1649932444051,-7.3953571320,-11.2058944702,15.8621158600
1649932444236,6.3691821098,0.5252281427,12.9907398224
1649932444410,7.8248138428,-5.5266008377,-3.7151591778
1649932444650,10.2489681244,-17.7350502014,-3.8081746101
1649932444824,-0.7447810173,-21.0159549713,-15.2563428879
1649932445001,9.9397182465,-11.9015111923,-6.7608423233
1649932445238,-4.1862754822,-9.5859899521,-2.9035332203
1649932445417,-8.4293746948,-17.7319869995,-3.1784331799
1649932445589,-4.0719914436,-6.6220607758,20.4322128296
1649932445830,8.4288082123,-1.6369295120,4.3040180206
1649932446009,8.7787437439,-8.1107311249,-3.2639455795
1649932446187,7.7796382904,-23.3661174774,-6.7494444847
1649932446419,1.2398810387,-18.0749073029,-14.9574050903
1649932446594,3.2883663177,-10.1117258072,-1.1318567991
1649932446773,-2.8060338497,-7.5628890991,-6.8254108429
1649932447015,-8.9547920227,-15.9024972916,1.1887872219
1649932447192,-8.5129632950,1.6114759445,20.0240230560
1649932447370,7.0750865936,-3.7661743164,6.2656011581
1649932447599,9.5289649963,-10.6923236847,-2.8213167191
1649932447779,3.3472704887,-21.6426792145,-9.9511833191
1649932447957,5.3493742943,-14.1954803467,-15.5756912231
1649932448197,1.1321473122,-8.9378767014,0.3937923908
1649932448369,-3.6104094982,-7.3608007431,-5.1879329681
1649932448549,-3.2472674847,-9.9453639984,8.6625308990
1649932448784,3.4720022678,1.6830965281,15.7302188873
1649932448965,8.0840663910,-4.0356011391,-0.7719981670
1649932449135,7.5299725533,-9.3013820648,-4.9051752090
1649932449379,5.7364430428,-21.1310100555,-6.5193896294
1649932449551,0.6723341942,-17.0287380219,-14.6956176758
1649932449733,6.1902937889,-9.4741230011,1.3256895542
1649932449969,-4.9852414131,-7.7230958939,-7.0921697617
1649932450141,-8.9097290039,-15.8607215881,4.1756930351
1649932450321,2.9256670475,-3.6022171974,20.1646575928
1649932450568,10.4004974365,-4.6395301819,-6.4587287903
1649932450738,10.1327381134,-13.5226440430,0.2286417484
1649932450912,2.0636057854,-20.8910713196,-11.8507709503
1649932451146,7.9192085266,-10.8279886246,-8.8961334229
1649932451330,-0.2546167374,-8.5892028809,3.7446274757
1649932451503,-3.1788830757,-7.2336211205,-4.4631595612
1649932451740,-5.1565475464,-12.5364980698,2.0633697510
1649932451919,1.6178779602,-2.3938355446,22.3436946869
1649932452090,9.0391445160,-1.0755585432,3.1601855755
1649932452334,10.3529186249,-11.4770278931,0.6919107437
1649932452511,6.0649895668,-22.2400608063,-7.8873758316
1649932452686,1.0357775688,-13.8669710159,-14.9357128143
1649932452925,3.4273772240,-8.2905111313,0.8335733414
1649932453098,-4.9386029243,-9.5414648056,-4.1317381859
1649932453280,-8.4703750610,-15.6602001190,6.2435164452
1649932453517,6.3015627861,-1.8362033367,16.6630096436
1649932453694,10.4660158157,-3.4010415077,-2.3024230003
1649932453870,8.6124868393,-13.0912761688,1.2793791294
1649932454100,3.7003743649,-21.0820388794,-7.2819952965
1649932454284,4.1398682594,-12.1012163162,-12.6492862701
1649932454461,2.4255533218,-10.9202365875,-1.2233908176
1649932454700,-5.5177860260,-11.2241077423,-1.2492010593
1649932454876,-7.3105373383,-10.3852949142,8.4381933212
1649932455048,6.0924377441,-0.9006214738,16.9878673553
1649932455286,10.1123256683,-4.2960953712,-0.0747480392
1649932455468,10.2855281830,-19.4196968079,0.8468446732
1649932455639,-2.9213080406,-20.3268299103,-11.5558891296
1649932455881,2.2810268402,-10.3518867493,-8.8669691086
1649932456054,-1.3379340172,-8.8066425323,-2.7923130989
1649932456235,-6.7191982269,-12.7029132843,-2.1860096455
1649932456473,-7.3242321014,-5.0971584320,15.7854528427
1649932456644,8.5175838470,-0.0719861686,3.4791924953
1649932456824,8.1795539856,-6.4781384468,-4.9163208008
1649932457064,10.5781230927,-19.8325576782,-3.0888831615
1649932457236,-3.0216369629,-19.3291110992,-16.3537616730
1649932457418,5.1819739342,-11.0528078079,-2.3346464634
1649932457647,-2.5902898312,-7.6286678314,-3.2347471714
1649932457833,-7.6670084000,-12.7894592285,0.5101487041
1649932458004,1.2462151051,-3.1683669090,17.7050437927
1649932458243,7.9706211090,-1.5472415686,6.1648740768
1649932458423,9.6618976593,-6.8563241959,-1.4372057915
1649932458599,6.6647672653,-20.0354766846,-3.8534045219
1649932458832,3.2399811745,-18.5842170715,-12.0088129044
1649932459015,1.2178497314,-11.4773073196,-2.4678711891
1649932459185,-3.8043243885,-7.1999063492,-5.2958068848
1649932459428,-6.6967544556,-14.5412359238,-3.0928909779
1649932459601,-8.9522571564,-3.1080358028,19.5476512909
1649932459783,7.4506998062,-0.1310720444,5.3110618591
1649932460019,8.5812902451,-8.3985424042,-3.8916592598
1649932460190,2.3820753098,-19.7699928284,-6.9925312996
1649932460371,8.0958118439,-16.7363510132,-16.9081630707
1649932460607,3.1925015450,-11.9907388687,2.5155556202
1649932460788,-3.3670048714,-8.0629892349,-7.9527282715
1649932460963,-8.0682659149,-13.8676366806,1.2131711245
1649932461195,-8.4923820496,0.2825115919,18.4774303436
1649932461377,9.6203107834,-2.8590915203,1.2547359467
1649932461557,7.0912227631,-10.3731746674,0.4337229729
1649932461786,7.5307998657,-21.6464710236,-6.6560688019
1649932461970,12.5582885742,-16.1162433624,-12.4157238007
1649932462146,0.8161721230,-13.7736177444,-0.4363362789
1649932462383,-8.4234218597,-19.0611419678,-9.6901817322
1649932462560,-11.8928546906,-7.1222205162,19.9202136993
1649932462735,9.1785011292,-3.0355851650,4.4117641449
1649932462975,9.4596977234,-10.3776082993,-4.6268362999
1649932463144,12.7493658066,-28.9794044495,-6.3605289459
1649932463330,-0.8034834862,-20.2871818542,-16.4632148743
1649932463567,1.6423184872,-5.9675221443,0.5989329815
1649932463741,0.1244432926,-7.8433961868,-5.2868881226
1649932463914,-12.2684879303,-17.8232688904,0.8097023964
1649932464155,1.4253089428,-0.5030094385,16.1819324493
1649932464334,8.8116331100,-4.6734004021,-3.7960562706
1649932464507,14.4735279083,-17.6308364868,-1.4099814892
1649932464746,3.3144619465,-33.4606246948,-15.7055730820
1649932464919,-1.7070941925,-12.7563457489,-4.4567070007
1649932465101,1.1210153103,-4.4751353264,-0.9216856956
1649932465332,-1.6953754425,-6.5194649696,-3.8304116726
1649932465514,-9.1405611038,-8.6231746674,6.8709516525
1649932465687,4.2567567825,-0.6830531359,11.4858703613
1649932465930,9.7857780457,-6.0155119896,-3.5897617340
1649932466108,19.3442287445,-30.0637531281,-3.3225712776
1649932466281,-3.6473939419,-27.1576862335,-16.9561729431
1649932466519,-1.6833422184,-6.6026248932,-1.6100120544
1649932466691,2.5004944801,-3.6511974335,-2.0608162880
1649932466876,-5.1573247910,-10.2450637817,-3.6192030907
1649932467112,-6.1147632599,-4.2536549568,14.2913703918
1649932467287,10.7654714584,-2.5885214806,-6.2074222565
1649932467470,17.0620918274,-12.7304124832,-0.1115014553
1649932467696,7.1268119812,-35.1580505371,-13.9242362976
1649932467879,-2.1172528267,-17.0633735657,-9.5989437103
1649932468058,0.4413440228,-5.8629179001,-2.2134466171
1649932468296,-4.5040464401,-8.3152408600,-1.3400996923
1649932468469,-6.1990733147,-5.1218481064,9.3262033463
1649932468646,9.9441633224,-1.6951676607,7.4176130295
1649932468883,9.0846309662,-7.3957686424,-4.0142593384
1649932469062,11.0661573410,-22.6870098114,-3.6383814812
1649932469234,4.6126246452,-22.2648792267,-15.1231241226
1649932469477,1.0475201607,-13.8770904541,-1.9826821089
1649932469650,-1.8763079643,-8.0131731033,-6.9403009415
1649932469833,-9.4387254715,-12.5018739700,1.9683489799
1649932470068,0.6701755524,-4.6702618599,17.4566097260
1649932470239,7.6889481544,-3.1069343090,-3.2756986618
1649932470420,13.4224376678,-15.0182991028,1.8779792786
1649932470660,5.2538213730,-26.9002494812,-14.9004955292
1649932470837,5.0534191132,-13.9531412125,-3.4637517929
1649932471014,-0.3337898254,-6.3765172958,-3.8078126907
1649932471245,-3.2842471600,-11.5389919281,-6.2087574005
1649932471425,-11.0716037750,-11.4988346100,11.0462322235
1649932471603,6.7550549507,-1.2987191677,9.2062950134
1649932471841,8.3830385208,-7.3043112755,-2.8044753075
1649932472019,12.6863775253,-22.2870578766,-5.1438121796
1649932472195,4.2106189728,-22.1317691803,-18.2633819580
1649932472431,-1.1775605679,-10.4545984268,-1.7036802769
1649932472610,-2.2302489281,-10.9793424606,-6.5604948997
1649932472781,-10.0882329941,-13.4192886353,7.5313720703
1649932473024,-4.1007757187,3.4278757572,17.3775482178
1649932473201,9.7278881073,-3.5611910820,0.6313395500
