1649932172414,8.2349853516,-22.8135528564,-9.3904304504
1649932172649,-16.4237937927,-19.4543685913,-6.1961646080
1649932172826,6.5995907784,-8.3471050262,-0.0506849289
1649932172999,-6.4797339439,-11.9798126221,-3.8255186081
1649932173234,-11.2448005676,-21.6008758545,11.6057996750
1649932173416,4.7046322823,2.6892995834,12.0103988647
1649932173595,6.0086588860,-0.6472836733,3.7037978172
1649932173829,12.6013326645,-5.8792576790,-6.0410761833
1649932174009,4.3250651360,-31.7039527893,-11.1170148849
1649932174186,-15.5145950317,-16.3532848358,-5.7497801781
1649932174419,4.4786901474,-6.9166302681,1.8985915184
1649932174600,1.2583808899,-4.4860181808,-1.5252285004
1649932174771,-9.9330272675,-10.1778182983,-3.4330537319
1649932175014,-0.1781144142,-6.7277274132,14.4006614685
1649932175189,6.9540610313,2.9175412655,6.8311223984
1649932175365,2.5799612999,-4.2667732239,-2.6486341953
1649932175602,5.9827227592,-8.0794563293,-9.7243995667
1649932175778,-0.7600776553,-19.9418125153,-9.2571249008
1649932175960,-13.5368061066,-13.7901411057,-4.0652585030
1649932176193,8.0560379028,-8.7273921967,-6.1033844948
1649932176374,-7.5631270409,-11.2016048431,-1.1620831490
1649932176548,-11.0590839386,-15.5326662064,7.1937723160
1649932176781,8.3723363876,-1.7305047512,15.3027563095
1649932176961,4.5985107422,-1.2856174707,3.1581382751
1649932177143,15.7928657532,-13.4269084930,-10.1345672607
1649932177380,-4.4151897430,-29.0028877258,-9.3488340378
1649932177550,-8.6814765930,-11.0568485260,-11.9922552109
1649932177727,5.9866032600,-9.3137054443,-2.0195174217
1649932177967,-9.4725446701,-15.6538600922,-6.4299893379
1649932178145,-8.5230846405,-13.0654010773,18.5784931183
1649932178321,5.5603990555,0.7265992165,14.1013898849
1649932178560,7.6908564568,-4.9761314392,-5.4281530380
1649932178731,9.5238723755,-25.6645183563,-11.1946229935
1649932178916,-11.9051876068,-19.8997001648,-12.8983764648
1649932179153,3.6201252937,-8.2138814926,-4.3579192162
1649932179330,0.7737165689,-9.7069320679,-5.0158839226
1649932179504,-9.4372920990,-18.1122627258,0.9277586937
1649932179738,4.8428893089,-3.8956117630,20.3254184723
1649932179916,7.3292551041,-0.6199450493,3.8813147545
1649932180096,9.4816999435,-8.7463855743,-6.9282388687
1649932180331,3.1722037792,-25.6349220276,-7.8846282959
1649932180512,-8.7239933014,-14.0036382675,-11.9306449890
1649932180687,11.3816251755,-10.7276077271,-10.4321556091
1649932180924,-6.6979255676,-12.7795381546,-3.4526638985
1649932181103,-10.6556510925,-16.8696289062,9.8249826431
1649932181274,7.6619691849,0.7483187914,13.6650457382
1649932181517,7.7399110794,-3.7481362820,-1.4236423969
1649932181694,18.3078937531,-21.0933227539,-8.6499280930
1649932181869,-4.7243623734,-28.2686958313,-14.3130207062
1649932182104,2.5869269371,-8.8082466125,-3.1296453476
1649932182278,-0.1517698765,-4.5927376747,-1.0091319084
1649932182463,-9.9798145294,-19.0259666443,-8.0001201630
1649932182696,-1.1636481285,-9.4764118195,24.7786464691
1649932182876,11.3394861221,1.4133419991,5.1424436569
1649932183049,6.8424968719,-1.8926854134,-0.6755683422
1649932183284,21.5000190735,-22.1911602020,-1.4193975925
1649932183464,-2.8177528381,-28.8138885498,-18.1951637268
1649932183644,-0.5058693886,-10.8010845184,-0.2942848206
1649932183877,-1.5048439503,-5.9704265594,-3.0646500587
1649932184059,-8.1645488739,-19.2631072998,-5.3368177414
1649932184233,-2.1598701477,-4.6115360260,25.1656990051
1649932184473,6.4347834587,1.5273702145,6.5658388138
1649932184650,7.9264965057,-3.5499482155,-0.0655298233
1649932184821,17.2554244995,-21.0556850433,-3.8426623344
1649932185063,-2.5347390175,-26.2225532532,-17.6771392822
1649932185250,-0.3579034805,-11.8484573364,0.1012096405
1649932185418,-0.7535736561,-6.7857809067,-1.6866583824
1649932185650,-9.6272068024,-19.4459381104,-2.6119444370
1649932185825,-1.5499501228,-0.7269721031,20.5581111908
1649932186006,7.1429462433,-0.4725696743,1.3619852066
1649932186242,13.7097778320,-7.0197286606,-0.9393296242
1649932186423,10.6666526794,-27.9244823456,-7.9564723969
1649932186600,-4.4777927399,-16.5481796265,-14.8012638092
1649932186830,5.7517042160,-10.7898769379,3.7947020531
1649932187015,-5.3336868286,-10.4379158020,-7.1728410721
1649932187194,-8.5662555695,-14.9301185608,8.6141681671
1649932187428,-0.1327013969,1.0275623798,18.3570671082
1649932187603,4.4549179077,-2.4441776276,1.8877043724
1649932187778,16.2561073303,-16.3181056976,3.7015852928
1649932188019,1.8872728348,-25.3864345551,-14.3074827194
1649932188197,2.9155840874,-11.6305122375,-10.5841999054
1649932188370,2.3873620033,-12.6083555222,-2.8481702805
1649932188610,-10.5459022522,-21.3707828522,-0.9069936275
1649932188782,-5.6620435715,-1.2212553024,20.9801082611
1649932188965,1.1685299873,-1.1401464939,9.2474765778
1649932189202,12.5462751389,-11.7023420334,-3.1105751991
1649932189372,5.5760183334,-23.7285785675,-8.8532409668
1649932189553,-0.9487786293,-12.7745695114,-14.9848861694
1649932189786,6.8255400658,-7.8327779770,-1.4619531631
1649932189968,-4.9503750801,-13.9571743011,-6.3033456802
1649932190145,-8.7939739227,-14.6892604828,14.6487884521
1649932190378,4.2729315758,2.2792301178,14.5509529114
1649932190561,8.8416490555,-1.4326381683,1.9578557014
1649932190739,16.6880245209,-17.9110450745,0.1944396496
1649932190972,1.4351963997,-28.5807113647,-15.7110137939
1649932191153,0.3056783676,-11.9364652634,-11.3669300079
1649932191324,1.6412119865,-8.2030477524,1.4935045242
1649932191566,-4.8834562302,-16.2678585052,-6.7607340813
1649932191745,-6.3181734085,-13.9813318253,21.1402873993
1649932191919,6.8922848701,0.9794399738,12.0951213837
1649932192157,10.0833330154,-4.1826734543,2.0391216278
1649932192328,18.8017539978,-24.9478683472,4.3811330795
1649932192511,-3.5007185936,-26.2281436920,-19.9701099396
1649932192746,7.0470252037,-9.8370780945,0.3112363815
1649932192922,-0.1576437950,-10.5558576584,0.1683452129
1649932193100,-9.3289108276,-19.6196842194,-1.1969952583
1649932193333,1.4184870720,-4.4565200806,23.1791286469
1649932193516,5.4666395187,-0.1294410378,9.3885297775
1649932193694,12.9499015808,-14.7703008652,10.9463453293
1649932193927,10.4476718903,-31.6038112640,-10.2825603485
1649932194107,1.8773603439,-16.6132354736,-8.4307346344
1649932194286,-0.2309432030,-7.1045370102,-0.9851965904
1649932194521,-6.3568596840,-14.1717777252,-1.8941268921
1649932194697,-8.3834781647,-11.2327327728,10.7807807922
1649932194870,-0.1059374809,-2.1456575394,17.3740024567
1649932195113,8.9614105225,-5.2665710449,3.5438532829
1649932195291,14.8222370148,-23.2544021606,5.8048372269
1649932195465,2.0005764961,-26.7533950806,-17.7692031860
1649932195704,3.4696922302,-10.5813570023,2.2786242962
1649932195874,0.6453146935,-10.8350706100,-3.9057779312
1649932196058,-9.0281009674,-20.3522491455,-2.5660448074
1649932196294,-8.3362426758,-2.1019334793,21.5195350647
1649932196467,1.2863712311,-0.3946222365,7.9464631081
1649932196650,6.9454417229,-6.6303553581,2.1004796028
1649932196881,13.0643367767,-22.9874973297,1.9405996799
1649932197063,0.3400406837,-24.2046279907,-14.5102233887
1649932197242,6.9565439224,-13.3635854721,0.7822530270
1649932197471,-4.5174994469,-10.4653186798,-1.8096132278
1649932197653,-9.7534942627,-18.6359138489,-1.9447836876
1649932197829,-8.7537422180,-2.5245604515,20.2937488556
1649932198068,2.6780009270,-2.5581562519,9.6579856873
1649932198247,8.4428348541,-7.2650227547,-1.3086752892
1649932198416,9.5019130707,-22.1925964355,-2.2162182331
1649932198660,-3.2851009369,-17.1695213318,-11.8965768814
1649932198835,11.6904373169,-12.8854875565,-6.0119304657
1649932199012,-3.1704049110,-12.1247148514,3.8994207382
1649932199249,-9.6180086136,-8.1775007248,-4.2048058510
1649932199421,-6.3560595512,-2.4101345539,11.0955600739
1649932199606,4.1539807320,-0.5239363313,6.7926921844
1649932199839,12.3596572876,-8.4958219528,-0.9147186279
1649932200013,7.4083342552,-22.5623474121,-6.6160449982
1649932200193,-2.1953020096,-16.2121677399,-9.8750114441
1649932200426,5.2148728371,-10.7082881927,-2.6985204220
1649932200611,-3.2056946754,-11.8734769821,-3.0146515369
1649932200787,-8.8515157700,-4.0651507378,6.5723242760
1649932201024,-3.7957301140,2.3164589405,7.8510990143
1649932201203,5.1489200592,-6.6996011734,0.0051112175
1649932201377,15.8615198135,-13.3963909149,-0.5347104073
1649932201614,0.5636985302,-24.6692905426,-10.8646965027
1649932201794,6.5128316879,-9.6078147888,-7.5824360847
1649932201965,5.5921092033,-14.4152507782,3.8960545063
1649932202205,-6.8044028282,-11.5408735275,-9.8587245941
1649932202378,-15.8848209381,-15.9827728271,8.5884008408
1649932202561,9.3542442322,-2.5109539032,12.2471685410
1649932202793,10.9287805557,-4.4943470955,1.9487969875
1649932202970,12.6429004669,-24.5910434723,2.7666335106
1649932203154,1.7708702087,-23.8123722076,-16.5175933838
1649932203389,-2.4727792740,-8.3013925552,0.7251498699
1649932203567,0.1854972839,-4.1063241959,-0.6575713158
1649932203740,-2.5075974464,-9.4666223526,-9.1604671478
1649932203974,-10.9101028442,-9.2790889740,14.5806198120
1649932204158,4.4848465919,0.9320408106,13.3198881149
1649932204330,6.4621467590,-2.3661835194,-2.0694689751
1649932204571,13.0699596405,-18.2218093872,1.1051406860
1649932204748,2.1552572250,-19.6214752197,-13.4718456268
1649932204919,8.7404632568,-11.4460096359,-4.7289967537
1649932205162,-3.2441205978,-10.4281120300,-1.0869438648
1649932205336,-6.0705709457,-15.4116086960,-4.2847881317
1649932205515,-1.1303832531,-7.3309693336,18.0665817261
1649932205750,7.5049972534,3.2117989063,10.9381027222
1649932205923,8.0724868774,-4.0490331650,4.2178382874
1649932206106,11.1786098480,-20.4678153992,-2.1494171619
1649932206345,-0.6833386421,-17.3780021667,-14.1164112091
1649932206521,6.5797286034,-15.9352397919,-1.6276032925
1649932206699,-6.5503382683,-10.8832378387,-8.0779714584
1649932206929,-10.2537584305,-18.1931133270,-1.4964363575
1649932207113,-3.9580187798,-3.4348294735,14.4773559570
1649932207290,10.1666202545,-2.9712505341,-1.4319639206
1649932207524,11.9674091339,-9.7957248688,0.4961853027
1649932207702,6.8239893913,-25.5090255737,-10.5371856689
1649932207877,5.0619106293,-19.2791805267,-11.2468986511
1649932208119,-7.0641031265,-13.1662034988,-0.7453856468
1649932208293,-7.2921533585,-8.5220451355,-1.7114115953
1649932208466,-5.9413423538,-5.5597767830,8.4366836548
1649932208708,-1.6053261757,1.5131111145,13.5027713776
1649932208886,8.0165128708,-3.2419092655,-0.9557383060
1649932209062,21.0472068787,-19.9007415771,2.3743715286
1649932209295,-4.0838966370,-28.9616165161,-18.0610256195
1649932209471,-1.1270289421,-8.5878334045,-2.6492488384
1649932209653,3.7035293579,-3.6211731434,2.4366207123
1649932209890,0.8106274605,-6.2522816658,-6.2065992355
1649932210069,-9.6109991074,-12.9564914703,1.7015821934
1649932210246,-3.4149713516,-0.1540143490,14.5667600632
1649932210476,9.9665365219,-3.9045622349,-1.8191263676
1649932210660,13.0819396973,-13.9489917755,-0.8846106529
1649932210837,3.7919478416,-25.4138298035,-12.4491128922
1649932211073,5.8164777756,-14.2049627304,-3.7071118355
1649932211251,0.5329232216,-10.0898399353,-0.3767259121
1649932211428,-8.8446102142,-13.2617282867,-7.7389135361
1649932211665,-5.1590518951,-8.9423675537,15.1977224350
1649932211841,4.5604829788,-1.8383007050,8.3685989380
1649932212014,12.5727996826,-9.0379705429,0.2524206638
1649932212255,10.6362228394,-27.0739898682,-6.4277362823
1649932212433,2.5116724968,-19.2133979797,-14.7293205261
1649932212611,-0.1899776459,-11.5158891678,2.5045835972
1649932212840,-5.3513870239,-10.3340396881,-10.2777700424
1649932213017,-12.4433336258,-16.9270095825,4.6773109436
1649932213203,3.9309568405,-3.4990334511,20.1648941040
1649932213433,6.2591185570,-3.0326390266,-3.2379047871
1649932213610,13.7415647507,-13.3775110245,1.7055678368
1649932213786,4.6974802017,-25.4804649353,-14.7373170853
1649932214022,4.4921493530,-15.8761482239,-5.4349846840
1649932214206,-1.8149833679,-6.7260446548,-1.3603999615
1649932214384,-4.2491264343,-15.1884546280,-10.7894220352
1649932214620,-16.3457794189,-12.2855815887,13.1649150848
1649932214798,8.0755634308,-1.9261707067,11.7231645584
1649932214976,9.1895856857,-8.2363224030,0.2512643337
1649932215211,11.3592329025,-23.8164272308,-6.1041030884
1649932215384,0.5005469322,-17.7377986908,-13.3785657883
1649932215560,3.8577866554,-8.4344053268,0.1336643696
1649932215800,-1.8649773598,-12.4084434509,-10.0039176941
1649932215974,-13.5376682281,-18.1759624481,6.4052896500
1649932216155,2.7593164444,-1.6245777607,21.0445442200
1649932216394,8.0995740891,-3.3884501457,2.0790886879
1649932216565,14.9571380615,-13.7885513306,1.1957406998
1649932216747,-0.3193910122,-25.7318916321,-15.3390636444
1649932216990,5.0197796822,-9.2724418640,-6.5639586449
1649932217161,2.2366364002,-8.3502283096,-1.3905901909
1649932217339,-7.5771913528,-13.1755514145,-5.4310770035
1649932217570,-8.9318370819,-10.2785263062,14.3345556259
1649932217753,5.8083477020,1.4701021910,17.8038501740
1649932217932,4.9314899445,-2.6395244598,0.1109950542
1649932218167,15.5281219482,-17.4071807861,-1.5111293793
1649932218344,1.1347527504,-25.5576705933,-13.6252574921
1649932218515,3.5586380959,-11.6003189087,-7.9440088272
1649932218758,0.7157759666,-7.7108116150,-3.2831747532
1649932218932,-7.8616204262,-17.8399868011,-6.9964404106
1649932219110,-11.5071067810,-8.5723752975,18.2182750702
1649932219350,6.1711187363,3.5564763546,13.2251987457
1649932219520,4.1400675774,-2.4032325745,3.0833971500
1649932219704,13.0392417908,-13.5185832977,2.7012789249
1649932219941,1.7871067524,-23.9207115173,-15.5310049057
1649932220119,1.8042435646,-14.7786235809,-6.9707913399
1649932220295,-0.3116221428,-5.8694438934,-1.0108453035
1649932220525,-2.2644622326,-10.9860076904,-7.9882683754
1649932220708,-9.5211343765,-10.5566320419,10.4861965179
1649932220887,5.2457342148,1.4906904697,14.3183403015
1649932221120,6.5433764458,-3.3785598278,-3.3241686821
1649932221297,9.8647575378,-14.1887845993,-1.3824656010
1649932221477,1.2533068657,-21.6773796082,-10.8728904724
1649932221714,10.8227157593,-16.5879135132,-8.9673299789
1649932221889,-7.2989015579,-11.8681526184,-2.1478939056
1649932222062,-7.4035334587,-14.1613779068,-3.1420061588
1649932222304,-5.4873580933,-7.4592151642,11.8710956573
1649932222482,7.9943046570,-2.4973011017,9.9288654327
1649932222660,11.9403047562,-10.0002441406,-2.4333441257
1649932222896,6.8034591675,-23.2716197968,-5.2989063263
1649932223067,2.4714374542,-13.6537189484,-14.8719625473
1649932223250,5.8253564835,-10.8846445084,1.7161481380
1649932223486,-3.1283247471,-12.2293882370,-10.0038843155
1649932223663,-12.3683395386,-14.4962701797,7.8477821350
1649932223840,-2.2773075104,0.2865978479,15.7720327377
1649932224072,8.2723007202,-3.5863263607,0.9773178101
1649932224255,12.0274257660,-18.5733680725,-2.2852258682
1649932224433,3.6382431984,-20.0086936951,-10.8170509338
1649932224667,7.3912253380,-12.3988246918,-6.2981615067
1649932224846,-3.2842824459,-9.0629215240,-6.2654085159
1649932225017,-8.2624683380,-17.9186038971,-4.4923276901
1649932225260,-6.3763771057,-5.9106311798,18.5843734741
1649932225431,6.9726238251,-2.4582018852,7.2936429977
