1650131583783,0.9191284180,-2.7675628662,1.6360473633
1650131584023,1.0624237061,-1.0752105713,0.7840118408
1650131584191,1.3237609863,0.0574493408,0.0438842773
1650131584375,1.8856964111,0.7080841064,-0.2859802246
1650131584616,1.7173461914,-0.2021636963,-0.8491973877
1650131584790,1.0133209229,-2.0904846191,-2.2400970459
1650131584959,0.1191864014,-1.6381378174,-2.6735687256
1650131585200,-0.7762298584,-1.1843719482,-2.0686798096
1650131585381,-0.8650360107,-0.0099792480,-1.6721038818
1650131585556,-0.8510437012,0.3608703613,-1.2522583008
1650131585790,-1.3680877686,0.4300842285,-1.0207366943
1650131585973,-2.0362548828,-0.6510314941,-0.3408355713
1650131586142,-2.0717468262,-3.5197906494,1.5210266113
1650131586382,-0.2421417236,-4.1715393066,2.5298767090
1650131586562,0.9202728271,-2.1186981201,1.8728332520
1650131586737,0.9399566650,-1.1931152344,1.2047271729
1650131586975,1.4520416260,-0.2992248535,0.4089355469
1650131587146,1.8742065430,0.2560577393,-0.0522613525
1650131587329,1.7663421631,0.4074859619,-0.4374237061
1650131587566,1.5630340576,-1.0188903809,-1.4154815674
1650131587740,0.5588836670,-2.5139312744,-2.2691650391
1650131587917,-0.4969329834,-2.2886505127,-2.2846832275
1650131588151,-1.0359039307,-0.4812774658,-1.8271484375
1650131588333,-0.4338836670,1.7085113525,-1.4126129150
1650131588511,-0.4861755371,0.7470703125,-1.1955108643
1650131588743,-0.9615631104,0.5319824219,-1.4636840820
1650131588924,-1.7163543701,-0.6435089111,-0.9183502197
1650131589104,-2.4369964600,-4.7542419434,0.7046661377
1650131589338,-0.6813507080,-4.7191772461,2.3499145508
1650131589517,0.8169860840,-2.2952423096,1.8678741455
1650131589687,1.1085510254,-1.6559600830,1.0024566650
1650131589929,1.5413513184,-0.5479736328,0.1913452148
1650131590107,1.8379211426,0.7927551270,-0.1091308594
1650131590283,1.8285217285,-0.2932434082,-0.7410125732
1650131590522,1.3142852783,-3.3872985840,-2.1417999268
1650131590692,0.1276855469,-1.3909149170,-2.8114471436
1650131590877,-0.6198425293,-0.8485870361,-2.2344665527
1650131591112,-0.7221527100,0.5473175049,-1.5341796875
1650131591288,-0.9602813721,0.5352783203,-1.1364440918
1650131591462,-1.4046173096,0.9141998291,-1.3957519531
1650131591697,-1.9937438965,-0.4739990234,-1.1630096436
1650131591877,-2.6027221680,-4.9266967773,0.9873657227
1650131592054,-0.4764709473,-4.4941406250,2.4187622070
1650131592290,0.6532135010,-2.1625061035,1.5526123047
1650131592469,0.9338378906,-1.0907287598,0.9262237549
1650131592647,1.3793487549,-0.4991607666,0.3302612305
1650131592885,1.7500305176,0.4157867432,0.1011199951
1650131593060,1.7857666016,0.1977081299,-0.5512237549
1650131593233,1.4227752686,-1.2154083252,-1.6859130859
1650131593477,0.7123413086,-1.0661163330,-2.5425415039
1650131593651,0.2503967285,-1.2215118408,-2.2433319092
1650131593826,-0.1272888184,-0.3892059326,-1.8496246338
1650131594068,-0.2068328857,0.3559875488,-1.2934875488
1650131594237,-0.8050537109,0.0952606201,-1.0778503418
1650131594419,-1.4751739502,0.1214141846,-1.1707611084
1650131594657,-1.7494049072,-0.4932403564,-0.7624053955
1650131594833,-2.1010131836,-2.7904205322,0.6132659912
1650131595013,-1.0973510742,-4.1276092529,1.8674468994
1650131595242,0.4674377441,-2.6358032227,1.7590179443
1650131595425,0.7554626465,-1.6879730225,1.1482696533
1650131595602,1.1674346924,-0.8989715576,0.6316680908
1650131595839,1.6018218994,-0.6824340820,0.1124877930
1650131596015,1.7770843506,0.6960601807,-0.4106597900
1650131596196,1.8599853516,-0.3806610107,-1.2447967529
1650131596430,1.2201538086,-1.9363555908,-1.9667968750
1650131596604,0.1079559326,-1.5913391113,-2.3353881836
1650131596778,-0.4884948730,-0.9782714844,-2.0758972168
1650131597016,-0.4966888428,0.4099884033,-1.4561004639
1650131597192,-0.8516082764,0.1278839111,-1.2339324951
1650131597370,-1.1315002441,0.2982025146,-1.2956848145
1650131597606,-1.4459228516,-0.4000244141,-0.9886627197
1650131597788,-1.9057159424,-2.2917633057,0.0292205811
1650131597966,-1.2842864990,-5.2741546631,1.9071044922
1650131598199,0.6837463379,-3.0321960449,2.1168060303
1650131598378,1.3109893799,-0.5060729980,1.1896362305
1650131598558,0.8294982910,-1.4225006104,0.5831604004
1650131598792,1.4605865479,-0.6906127930,0.3764343262
1650131598971,1.7957763672,0.2231903076,-0.0567779541
1650131599148,1.6445312500,0.2504272461,-0.7055206299
1650131599383,1.5022583008,-1.5936584473,-1.7559814453
1650131599560,0.6736755371,-1.7983703613,-2.0809020996
1650131599733,-0.2397613525,-1.5386199951,-1.8247070312
1650131599971,-0.6194763184,-0.1583099365,-1.7307434082
1650131600148,-0.8038330078,0.6094970703,-1.4567108154
1650131600328,-1.1865997314,0.1322937012,-1.1381378174
1650131600565,-1.3947906494,-0.1020355225,-1.2515869141
1650131600739,-1.6787872314,-1.2377624512,-0.7171325684
1650131600923,-1.9244689941,-3.4609680176,0.9465637207
1650131601159,-0.3398742676,-5.2600402832,2.0429534912
1650131601335,1.0602874756,-1.4191894531,1.5314636230
1650131601514,0.9767913818,-0.7133941650,0.8815155029
1650131601743,1.0764160156,-0.5428466797,0.3965301514
1650131601922,1.4620666504,0.4740600586,0.1775360107
1650131602101,1.6510620117,-0.0015563965,0.0026550293
1650131602338,1.6920471191,-0.5054016113,-0.4488983154
1650131602516,1.4849090576,-1.2045288086,-1.4689331055
1650131602691,0.4222412109,-2.6804656982,-1.9639129639
1650131602931,-0.6969299316,-2.5021514893,-1.8033294678
1650131603106,-0.5718841553,1.0661163330,-1.7317352295
1650131603279,-0.4990692139,1.0796813965,-1.3914184570
1650131603516,-0.8173980713,0.5485992432,-1.2872619629
1650131603699,-1.0856323242,0.6590423584,-1.5008239746
1650131603876,-1.2919769287,0.3280029297,-1.2681427002
1650131604107,-2.1967468262,-3.9025115967,0.1185913086
1650131604287,-1.7200164795,-4.4666442871,1.8491821289
1650131604466,-0.0005950928,-4.6356048584,1.7628173828
1650131604700,0.7966461182,-1.9439392090,0.8777770996
1650131604888,1.2123413086,-0.6994018555,0.2856597900
1650131605062,1.5996246338,0.4334411621,-0.3570861816
1650131605292,1.8585205078,1.0402832031,-0.6701507568
1650131605475,1.7145996094,-1.1560363770,-1.2873229980
1650131605654,1.3466033936,-1.2217559814,-2.1302032471
1650131605888,0.5810699463,-1.0400848389,-2.2904357910
1650131606070,-0.0729370117,-0.2239685059,-1.7599487305
1650131606244,-0.3386535645,0.2340545654,-1.3578186035
1650131606483,-0.5156250000,0.0666198730,-1.2951965332
1650131606659,-0.9557495117,0.2131042480,-1.3206787109
1650131606832,-1.2279510498,0.4854888916,-1.4584197998
1650131607066,-1.8265533447,-1.3692932129,-0.8446197510
1650131607243,-1.9826354980,-6.1759796143,1.4767913818
1650131607420,-0.0245513916,-4.0842437744,2.0768585205
1650131607659,0.9191131592,-2.0932312012,1.2294006348
1650131607842,1.2031097412,-0.2539062500,0.5123596191
1650131608012,1.5331115723,0.1101837158,-0.0391998291
1650131608248,1.8318176270,0.5147552490,-0.3203125000
1650131608434,1.6078796387,-2.0297698975,-1.2321014404
1650131608608,0.8205261230,-1.3211517334,-2.4099731445
1650131608842,0.1144256592,-0.7699584961,-2.2287902832
1650131609016,-0.2148284912,-1.0458984375,-1.7426605225
1650131609202,-0.4515380859,0.3175048828,-1.3662414551
1650131609436,-0.6891784668,0.4882354736,-1.0093078613
1650131609613,-0.9877014160,0.7353973389,-1.1670379639
1650131609782,-1.4559936523,0.1479797363,-1.1532287598
1650131610024,-2.0701599121,-1.7157745361,-0.2181701660
1650131610207,-1.8562469482,-4.1516876221,1.6824188232
1650131610384,-0.2995605469,-3.8397064209,2.3436279297
1650131610619,0.6940155029,-1.5287933350,1.5414276123
1650131610787,0.6852722168,-0.9289093018,0.8282318115
1650131610974,1.2789154053,-0.1195068359,0.1923828125
1650131611209,1.7274169922,0.6552429199,-0.1868438721
1650131611383,1.9024353027,-0.0471191406,-0.5850677490
1650131611564,1.5678710938,-1.7712402344,-1.7069244385
1650131611793,0.9486846924,-1.0237121582,-1.9848785400
1650131611971,0.0574340820,-1.0930480957,-1.9041748047
1650131612147,-0.3720092773,0.2672882080,-1.7544555664
1650131612385,-0.5408477783,0.7268981934,-1.4321594238
1650131612565,-0.7279052734,0.2597198486,-1.1237945557
1650131612744,-0.9539184570,0.2349700928,-1.1111450195
1650131612979,-1.5297851562,-0.5048522949,-0.7075958252
1650131613158,-2.0599670410,-3.8611450195,0.5553588867
1650131613330,-0.6847076416,-4.9253540039,2.2389831543
1650131613574,0.7625579834,-1.8929901123,1.8245697021
1650131613748,0.8532104492,-0.5958557129,1.0941467285
1650131613930,1.0689086914,-0.1069335938,0.4919586182
1650131614165,1.5949249268,0.3562927246,0.1655120850
1650131614335,1.7743988037,0.6101684570,-0.0234375000
1650131614513,1.6965789795,-0.9725341797,-0.7679595947
1650131614752,0.9499664307,-1.6055755615,-1.7517700195
1650131614933,0.4676208496,-0.7588500977,-1.9436340332
1650131615103,0.3708648682,-0.6075897217,-1.7561645508
1650131615339,0.2843627930,-0.3808441162,-1.5920867920
1650131615517,-0.2335815430,0.1597137451,-1.2867126465
1650131615692,-0.6382904053,0.2496948242,-1.2772369385
1650131615932,-1.1051788330,0.1441345215,-1.2527465820
1650131616103,-2.0226440430,-1.4025115967,-0.5113372803
1650131616284,-2.0292968750,-5.3484344482,1.3904876709
1650131616520,-0.1666412354,-3.3259124756,2.0677490234
1650131616700,0.6080627441,-1.6617126465,1.5204162598
1650131616876,0.8963317871,-0.6446075439,1.0021514893
1650131617112,1.2024993896,-0.1487731934,0.4603118896
1650131617294,1.4989624023,0.3663024902,0.2463226318
1650131617476,1.5837402344,0.1970367432,-0.1254425049
1650131617708,1.6662139893,-0.8433837891,-0.8398590088
1650131617883,1.3739166260,-1.1900024414,-1.6983184814
1650131618065,0.7998809814,-0.8507232666,-1.6898803711
1650131618294,0.5185699463,-0.3224945068,-1.5220184326
1650131618478,0.2290191650,-0.1090698242,-1.4972686768
1650131618656,-0.1919860840,-0.0422363281,-1.3984985352
1650131618888,-0.6350555420,0.3764495850,-1.3762664795
1650131619071,-0.9944915771,-0.1123046875,-1.3287353516
1650131619242,-1.6335754395,-1.1159515381,-0.5350952148
1650131619478,-1.9535522461,-4.0910797119,1.0080871582
1650131619653,-0.9166564941,-2.7994537354,2.0035552979
1650131619831,0.0168151855,-1.9513854980,1.7413024902
1650131620067,0.5718383789,-0.9914703369,1.3216400146
1650131620247,0.8844757080,-0.4245758057,0.9676971436
1650131620429,1.1232757568,-0.1507263184,0.4391174316
1650131620661,1.6792907715,0.2066955566,-0.1521453857
1650131620836,1.7061004639,-0.9028320312,-0.7625732422
1650131621019,1.0357971191,-1.9563903809,-1.9529876709
1650131621254,0.8816680908,0.5199432373,-2.0821838379
1650131621433,0.6481933594,-1.1162567139,-1.6322784424
1650131621607,-0.0191040039,-0.5430297852,-1.5685729980
1650131621839,-0.6152496338,0.0002136230,-1.4223785400
1650131622019,-0.9549560547,-0.1513977051,-1.2299652100
1650131622202,-1.2369995117,-0.0630035400,-0.9016113281
1650131622437,-1.8611907959,-2.7334289551,0.2912292480
1650131622609,-1.1212921143,-3.0095367432,1.9720916748
1650131622786,-0.3365173340,-2.4162597656,2.1902313232
1650131623022,0.4810028076,-1.8977508545,1.6161956787
1650131623206,0.8979187012,-0.3242187500,1.0488891602
1650131623377,1.1536865234,0.1270904541,0.6483917236
1650131623621,1.6498413086,0.2602081299,0.1537170410
1650131623795,1.7646942139,-0.5608673096,-0.3610534668
1650131623976,1.2286529541,-2.6149139404,-1.5505981445
1650131624207,0.5935211182,-0.5877990723,-2.2530517578
1650131624381,0.6469726562,-0.0133514404,-1.9841461182
1650131624563,0.4129486084,-0.4882354736,-1.5183410645
1650131624800,0.0711059570,0.5798034668,-1.3757629395
1650131624976,-0.4848937988,0.3314819336,-1.4881744385
1650131625155,-0.9541625977,0.0299072266,-1.4924468994
1650131625384,-1.5709533691,-1.9644012451,-0.8136444092
1650131625571,-2.1068115234,-3.1417846680,0.8702697754
1650131625748,-1.3340606689,-3.7048950195,2.0415496826
1650131625980,0.0243225098,-3.3970184326,2.1061859131
1650131626163,0.8697662354,-1.2163238525,1.0366668701
1650131626340,1.3481903076,-0.2526245117,0.5300750732
1650131626567,1.4892425537,0.3409576416,0.2698364258
1650131626752,1.5568695068,0.3008270264,-0.2553863525
1650131626922,1.8332824707,-0.2760162354,-1.2371673584
1650131627166,1.5040893555,-1.2265930176,-1.7627563477
1650131627338,0.4882202148,-1.8460693359,-2.0173645020
1650131627517,0.0507049561,-1.0954895020,-1.6677703857
1650131627752,0.1739807129,-0.3058929443,-1.3715515137
1650131627926,-0.2182464600,-0.0171966553,-1.2170715332
1650131628112,-0.9784088135,0.4963684082,-1.1189575195
1650131628342,-1.4629058838,0.2384490967,-0.6749267578
1650131628526,-1.8454284668,-0.7348937988,-0.2442626953
1650131628699,-2.1118927002,-3.2553558350,1.2202911377
1650131628932,-0.9494628906,-3.8574829102,2.4108734131
1650131629116,0.5609588623,-3.3194274902,1.8229217529
1650131629290,0.9673156738,-1.0973815918,0.7706298828
1650131629528,1.1831970215,0.0418243408,0.1305084229
1650131629708,1.7016448975,0.6757659912,-0.2354583740
1650131629878,1.9116058350,0.6376037598,-0.4629516602
1650131630115,1.8229064941,-1.6475982666,-1.3623962402
1650131630292,1.1720733643,-0.6475524902,-2.0245819092
1650131630469,0.1937103271,-1.5289611816,-1.8369140625
1650131630701,-0.3085937500,-0.4755859375,-1.6875000000
1650131630879,-0.3128662109,0.4821929932,-1.4918365479
1650131631064,-0.6444549561,0.0435943604,-1.2471160889
1650131631293,-1.2748718262,0.3980102539,-1.3827972412
1650131631476,-1.8307647705,-1.4108276367,-0.6680145264
1650131631657,-2.0707244873,-4.7848510742,1.5713043213
1650131631886,-0.4522094727,-2.5891418457,2.2676391602
1650131632070,0.4510040283,-2.3488159180,1.7938385010
1650131632244,0.6937713623,-1.3813781738,1.1761932373
1650131632478,0.8888854980,-0.3734436035,0.5377044678
1650131632663,1.4588165283,0.1981964111,-0.0372314453
1650131632838,1.8097076416,0.5975799561,-0.3357086182
1650131633076,1.9253540039,-0.1015014648,-0.7732086182
1650131633249,1.5372619629,-1.8341522217,-1.6372833252
1650131633423,0.3307952881,-1.9611053467,-2.1309967041
1650131633660,0.0365295410,-0.8674011230,-1.7946472168
1650131633836,0.0235900879,-0.3653259277,-1.4311828613
1650131634012,-0.3994903564,0.6608734131,-1.2648315430
1650131634257,-0.7631530762,0.7068634033,-1.2377777100
1650131634427,-1.1983947754,0.2059020996,-1.2825469971
1650131634608,-2.1018676758,-2.0681304932,-0.4031524658
1650131634843,-2.2143249512,-4.4635314941,1.3402099609
1650131635021,-0.3528289795,-3.6839294434,2.2915802002
1650131635202,0.7378692627,-1.5976867676,1.4933471680
1650131635432,1.0527801514,-0.9716796875,0.7454681396
1650131635607,1.2643280029,-0.3983764648,0.2742462158
1650131635791,1.7258300781,0.4302673340,-0.0659484863
1650131636030,1.7276611328,0.3518981934,-0.3759002686
1650131636207,1.5160675049,-1.8561553955,-1.5759582520
1650131636382,0.6291351318,-2.1221923828,-2.3041076660
1650131636623,-0.4708404541,-0.5035552979,-2.1776580811
1650131636795,-0.6141510010,0.4311828613,-1.5424804688
1650131636968,-0.4077453613,0.4433441162,-1.1760711670
1650131637211,-0.8181915283,0.6426086426,-1.2316131592
1650131637387,-1.0307617188,0.1317443848,-1.1505432129
1650131637565,-1.6293029785,-0.4970855713,-0.9115142822
1650131637798,-2.1186676025,-2.8100891113,0.4000244141
1650131637973,-1.3679046631,-3.7523498535,1.4923706055
1650131638157,0.1229095459,-2.7644500732,1.6213378906
1650131638396,0.8924255371,-1.2710571289,1.1961059570
1650131638569,1.1452026367,-0.5928192139,0.9913482666
1650131638745,1.5083007812,0.3762054443,0.6009368896
1650131638979,1.7529602051,0.6878662109,0.0809020996
1650131639162,1.9990844727,-0.8899383545,-0.6399841309
1650131639340,1.5836181641,-1.9308013916,-1.2518310547
1650131639577,0.2198638916,-1.9008636475,-1.8319091797
