1650132137809,1.4507749081,-4.2269096375,1.0601494312
1650132138047,2.9382791519,-7.0393848419,-1.8252196312
1650132138222,1.5741147995,-8.7020683289,-1.0714116096
1650132138402,-1.1353416443,-8.6454238892,0.5714983940
1650132138630,-2.6707830429,-8.1094465256,3.2564716339
1650132138808,-3.9462256432,-2.9078378677,2.2295148373
1650132138992,-3.4328732491,-2.3165769577,-1.9143366814
1650132139228,-2.0480158329,-0.7308721542,-2.7326343060
1650132139407,-1.8304356337,-2.0440292358,-4.3876771927
1650132139577,-6.6532301903,-2.0136647224,-1.7684326172
1650132139818,-1.5496006012,-3.3820948601,4.3752107620
1650132139997,4.1947283745,-2.8198151588,0.9820280075
1650132140167,2.1797983646,-3.3283257484,1.5073339939
1650132140409,0.7726349831,-4.2276344299,2.8265981674
1650132140593,3.1254816055,-6.5396728516,-1.8260468245
1650132140764,2.4824271202,-8.2669754028,-3.0281028748
1650132140997,-2.2194366455,-9.7288627625,-0.8609576225
1650132141171,0.3109483719,-7.5246663094,1.4033308029
1650132141356,-2.9218931198,-6.4357624054,5.7204627991
1650132141592,-3.7822694778,-2.4147262573,0.2832288742
1650132141768,-2.9521260262,-0.9990291595,-2.9575009346
1650132141948,-1.3278303146,-0.7632436752,-4.6895627975
1650132142176,-2.2006533146,-2.5275149345,-4.6816978455
1650132142361,-4.7055110931,-3.5787925720,1.6385078430
1650132142531,1.7911643982,-2.2329080105,5.9904317856
1650132142774,3.1713132858,-2.0615453720,1.6097197533
1650132142950,0.6849861145,-2.8220725060,0.6857955456
1650132143123,0.9408533573,-3.3885498047,2.2203578949
1650132143364,1.4297542572,-5.2279224396,-0.9104247093
1650132143540,3.4286980629,-7.5191001892,-2.5447149277
1650132143718,-1.9372701645,-7.8922100067,1.6824650764
1650132143956,-1.3742876053,-5.8889503479,-1.8339090347
1650132144125,-0.1862854958,-5.6416740417,1.3149020672
1650132144310,-1.5043730736,-3.8004865646,0.7430753708
1650132144548,-3.1012406349,-1.9688043594,-0.7495815754
1650132144729,-2.0426621437,-1.8129053116,-5.2460298538
1650132144907,-2.2066848278,-1.3252148628,-3.5975689888
1650132145134,-4.6394295692,-1.9414956570,3.0623660088
1650132145319,1.1217517853,-2.0755562782,5.6095032692
1650132145498,1.9651570320,-1.3360228539,-0.0514500141
1650132145728,0.5827879906,-2.8398098946,-0.0082371235
1650132145912,2.5211529732,-3.6684322357,2.4729628563
1650132146089,-0.6534199715,-3.6703395844,2.9300427437
1650132146326,2.4022903442,-7.1659908295,-1.4788527489
1650132146503,3.0600175858,-8.7918891907,1.2347717285
1650132146672,-0.7021951675,-8.7439880371,0.3892247677
1650132146916,-2.7073154449,-7.6376090050,4.6971206665
1650132147087,-4.1139798164,-4.5634641647,0.9020366073
1650132147269,-3.7272167206,-0.1094923019,0.0805142522
1650132147505,-2.7859594822,0.0582752228,-5.7302908897
1650132147675,-2.1075575352,-2.0394296646,-3.8788237572
1650132147863,-5.0503497124,-2.4147858620,1.1444964409
1650132148098,-0.9873676300,-2.2398552895,3.6182889938
1650132148272,1.5346164703,-2.2972254753,2.4557123184
1650132148445,1.7968831062,-3.3890337944,-0.8360276222
1650132148682,2.0796499252,-3.0453777313,2.0848808289
1650132148866,1.7277071476,-3.6605434418,2.6634116173
1650132149044,1.6019082069,-7.5826649666,-1.3116273880
1650132149276,2.2026472092,-8.4629392624,-0.8768849373
1650132149456,-0.7230238914,-6.3574504852,0.2610149384
1650132149630,-0.9592647552,-6.5011911392,1.9789324999
1650132149863,-1.0626034737,-4.7778444290,-1.1611430645
1650132150039,-7.3315653801,-2.9325871468,3.1731116772
1650132150218,-0.0519726276,-0.5595884323,-4.7706375122
1650132150454,-1.7557781935,-2.4364886284,-1.9996805191
1650132150631,-4.8026180267,-0.9858114719,-0.4252157211
1650132150811,-2.4037809372,-1.1241364479,4.4031372070
1650132151041,1.8463020325,-1.6565778255,5.7859597206
1650132151222,0.2685818672,-1.3346614838,1.2504901886
1650132151398,0.4039933681,-2.5238051414,0.5793185234
1650132151639,2.7477183342,-3.7889528275,3.1843860149
1650132151812,-0.5969820023,-6.0298390388,-0.8420991898
1650132151992,2.2293720245,-7.1190438271,-2.3818545341
1650132152228,0.0942993164,-6.6212177277,-1.0186944008
1650132152405,0.4643430710,-5.0340433121,1.6587452888
1650132152583,-0.5406818390,-5.1848993301,2.5489301682
1650132152819,-3.2876348495,-4.8283381462,1.0376884937
1650132152999,-3.0591704845,-1.7656788826,-2.4879748821
1650132153171,-0.6184432507,-1.6331892014,-4.3987197876
1650132153411,-3.9429862499,-1.0871162415,-0.6679096222
1650132153595,-6.5351810455,-0.4769477844,1.2541136742
1650132153767,-1.6844854355,-0.6753040552,3.1499235630
1650132154006,0.2507376671,-3.0671429634,1.6572711468
1650132154177,1.9537072182,-4.2725620270,0.7012240887
1650132154358,1.5132837296,-3.5088167191,3.5720889568
1650132154599,0.7296478748,-5.2404093742,-0.6726706028
1650132154773,3.0523934364,-5.9753026962,-3.2929625511
1650132154953,2.6630921364,-6.6829566956,0.9572777748
1650132155183,-1.7208328247,-7.9303016663,4.8758168221
1650132155367,-3.0144281387,-5.5501027107,1.9741873741
1650132155543,-3.0554738045,-3.5272674561,1.0396465063
1650132155777,-4.0262594223,-1.0590543747,-0.1935777366
1650132155959,-2.1127905846,-0.6249980927,-3.4934315681
1650132156137,-2.7516596317,-1.4139699936,-2.1439175606
1650132156369,-4.1388339996,-0.8737936020,0.2810759544
1650132156551,-3.1295671463,-2.4000363350,4.0340862274
1650132156719,2.1148715019,-1.8730924129,2.9410963058
1650132156964,1.9228935242,-3.3361592293,-0.0128407478
1650132157138,2.3047118187,-4.1645488739,1.5227267742
1650132157313,0.0800933838,-4.9296579361,-0.0150274038
1650132157551,1.6699776649,-4.9568419456,-1.9070105553
1650132157725,2.9575252533,-5.6966819763,-0.0840888023
1650132157906,-0.7095251083,-6.2142457962,2.1106843948
1650132158143,-0.6913690567,-7.9675464630,1.6505677700
1650132158316,-3.3444681168,-4.4720740318,1.2640706301
1650132158499,-3.0401997566,-2.3402285576,-2.7820682526
1650132158728,-3.4753227234,-1.3639831543,0.0559842587
1650132158913,-0.4187328815,-0.1626348495,-3.1872758865
1650132159090,-0.6351606250,-1.5193185806,-3.4307026863
1650132159325,-3.4835608006,-1.8200654984,-1.2953767776
1650132159504,-3.1966562271,-1.9939482212,4.4481930733
1650132159675,1.0515708923,-2.0644617081,4.5421352386
1650132159918,1.7255759239,-1.5914616585,0.7158920765
1650132160092,1.1382043362,-3.0689649582,2.9788460732
1650132160265,0.3829507828,-4.1828937531,2.7075340748
1650132160509,0.7661213875,-5.7284030914,-1.5370688438
1650132160684,0.6925258636,-8.2356309891,-1.0470204353
1650132160863,0.0657825470,-6.7827301025,-1.0204174519
1650132161100,-0.0285243988,-7.6385583878,3.3200137615
1650132161270,-1.5257821083,-5.2454981804,4.6363887787
1650132161446,-3.7477869987,-1.5207738876,0.9445508122
1650132161689,-3.6269559860,-1.5270519257,-2.7564890385
1650132161864,-2.0108935833,-1.3602962494,-3.4152135849
1650132162048,-1.8586628437,-1.2398524284,-1.4117026329
1650132162274,-5.2368922234,-1.0918905735,0.6779065132
1650132162458,-0.8987550735,-2.2199091911,4.5976142883
1650132162630,2.7751212120,-1.4803738594,2.5339367390
1650132162869,0.6972799301,-2.8853173256,1.2500135899
1650132163043,1.4167129993,-2.3859062195,1.3858489990
1650132163221,1.8254261017,-3.2701282501,0.3387372494
1650132163462,0.7491817474,-4.3922872543,-1.6222035885
1650132163639,1.6435785294,-6.4757919312,0.0617828369
1650132163810,-3.2674312592,-5.6901230812,1.9902052879
1650132164045,0.5817203522,-5.5220661163,0.1283348799
1650132164224,-0.6833381653,-5.7283639908,0.3551890254
1650132164399,-2.2061586380,-3.1295232773,0.4268456697
1650132164639,-3.2769598961,-1.7813901901,-0.7951952219
1650132164813,-1.3745205402,-0.5514335632,-1.8222184181
1650132164998,-1.7772506475,-1.1299948692,-3.5550913811
1650132165229,-3.9587929249,-0.8702154160,-0.2359228134
1650132165408,-3.4825448990,-1.4171885252,3.6734495163
1650132165592,0.8003263474,-1.6766650677,2.3668351173
1650132165822,1.8975343704,-3.8147501945,1.7000262737
1650132166004,1.2144966125,-2.8388404846,0.2779201865
1650132166183,2.0640740395,-3.4239902496,1.8841364384
1650132166417,1.0269293785,-6.2517890930,-0.4542975426
1650132166597,0.7373633385,-7.5910525322,0.2399015427
1650132166766,-0.0097703934,-7.6099638939,-1.6986429691
1650132167010,-0.6449041367,-6.3982911110,1.4120936394
1650132167183,-2.8262605667,-4.0956258774,2.6236824989
1650132167361,-2.0974102020,-2.5005474091,-0.0459048748
1650132167601,-3.2703540325,-0.8728303909,-1.3781776428
1650132167770,-0.5147253275,-1.2995128632,-3.2402458191
1650132167947,-2.7844395638,-1.0123128891,-3.0641784668
1650132168191,-5.6338357925,-1.2206873894,1.5877676010
1650132168364,-0.3438215256,-1.9107617140,4.2145900726
1650132168546,3.7550506592,-1.5312490463,1.4847009182
1650132168774,-0.4856204987,-2.7150707245,2.1820552349
1650132168957,1.2142620087,-3.4029788971,2.1768970490
1650132169136,0.8789515495,-5.9666132927,0.5274517536
1650132169372,3.4677896500,-6.9702920914,-1.9617805481
1650132169551,1.2312870026,-7.2703475952,0.5858702660
1650132169729,-1.1320161819,-7.9283151627,0.4668083191
1650132169958,-1.6479663849,-6.4076590538,3.4832019806
1650132170133,-3.1836352348,-2.6906971931,2.2157154083
1650132170312,-3.1744115353,-1.0660276413,-0.7371761799
1650132170546,-1.8669511080,-0.4420900345,-3.4224257469
1650132170733,-1.0753332376,-1.2567958832,-4.0391712189
1650132170904,-3.8873982430,-1.4047093391,-2.7619352341
1650132171145,-3.8382725716,-1.7722368240,3.6589460373
1650132171315,1.5438842773,-2.3198497295,4.0024766922
1650132171497,0.0439505577,-3.3148007393,0.9531676769
1650132171736,3.1787524223,-4.6203708649,0.1156281233
1650132171912,-1.5067312717,-2.3771915436,0.7069740891
1650132172092,0.9422373772,-3.0765295029,-0.3520932198
1650132172320,2.2042889595,-4.6235742569,-0.8140654564
1650132172503,1.7343444824,-7.7115607262,-0.0238099098
1650132172683,-1.0076789856,-8.5791902542,3.7116050720
1650132172918,-2.8761796951,-5.8922448158,3.9291791916
1650132173098,-3.7434740067,-4.4497556686,2.1177799702
1650132173270,-4.0547599792,-1.9128561020,-1.2776223421
1650132173507,-2.0978159904,-0.0060224533,-3.6464323997
1650132173681,-0.9741503000,-0.9185400009,-4.5141782761
1650132173857,-3.1325309277,-0.8565502167,-1.3904914856
1650132174101,-7.6928024292,-2.3363635540,0.6913604736
1650132174274,-1.3451938629,-4.6359004974,2.7651810646
1650132174451,2.9325780869,-4.1365284920,0.0840023607
1650132174693,1.9166646004,-3.1876196861,1.9169765711
1650132174862,1.2052927017,-3.4408893585,0.8617966175
1650132175043,2.3667476177,-4.0843143463,-0.7099215984
1650132175278,1.1493153572,-5.6356039047,-0.7089414597
1650132175460,-0.1979088783,-7.0965270996,-0.7303595543
1650132175635,2.5036754608,-7.3281283379,-0.3948531151
1650132175865,-2.9586677551,-7.8247756958,1.1528344154
1650132176049,-4.1624674797,-3.9977889061,-0.6539616585
1650132176228,-2.9733991623,-1.9984350204,-2.4373421669
1650132176463,-1.7241559029,-1.4457402229,-2.0084795952
1650132176637,-2.0344462395,-0.5416903496,-2.6288657188
1650132176811,-5.2249660492,-0.8638341427,-0.3693284988
1650132177050,-2.5020523071,-0.9586604834,4.5675644875
1650132177232,0.9818038940,-1.7712554932,3.1963710785
1650132177412,0.8886828423,-1.7565231323,1.4731884003
1650132177642,-0.1450903416,-3.1905984879,2.3362808228
1650132177821,1.5101869106,-3.6383085251,0.7532144785
1650132177998,1.5615129471,-4.3278064728,-2.3986725807
1650132178238,1.5938034058,-4.0310397148,0.6469297409
1650132178411,1.1102375984,-7.7805242538,1.2318625450
1650132178592,-2.3612575531,-7.8894391060,1.7094726562
1650132178829,-1.6671271324,-5.3034548759,0.1092832088
1650132179007,-3.7283539772,-3.5958242416,1.0343923569
1650132179184,-2.4486930370,-1.6259279251,0.1058490276
1650132179417,-1.1338551044,-0.7242574692,-1.6398510933
1650132179598,-2.4786500931,-0.3517050743,-2.6184568405
1650132179770,-5.2045478821,-0.6060385704,-1.6460628510
1650132180009,-1.2429761887,-2.4493150711,5.7407784462
1650132180186,2.7443666458,-1.1394398212,2.4786205292
1650132180359,0.6438779831,-1.8808922768,1.5152983665
1650132180603,-0.2189719677,-3.9413013458,0.4607868195
1650132180778,0.9391212463,-3.4710922241,1.4823756218
1650132180948,1.8024771214,-5.5652418137,-2.0489063263
1650132181187,2.3822989464,-6.0032124519,-0.2075419426
1650132181362,0.3517818451,-8.6847114563,1.8323800564
1650132181543,-1.7694425583,-9.6808309555,2.5994610786
1650132181782,-3.6022262573,-5.4773678780,1.4165186882
1650132181957,-2.7907662392,-3.6708793640,-1.3401510715
1650132182140,-3.5331969261,-1.3225936890,-2.7868521214
1650132182365,-0.5918026567,-0.7619867325,-3.5405945778
1650132182542,-4.3027648926,-0.9312090874,-1.7852110863
1650132182726,-5.4015827179,-2.5419805050,1.1473069191
1650132182959,-0.3445558548,-1.1545552015,4.2977199554
1650132183140,2.9472413063,-1.6878042221,2.8858685493
1650132183312,-0.0257411003,-2.8055372238,1.4070260525
1650132183549,-0.1565589905,-2.6290493011,1.0935251713
1650132183730,2.7218074799,-3.1728048325,0.4998185039
1650132183903,2.7352495193,-5.0443305969,-1.3375141621
1650132184146,-1.6864976883,-7.8579325676,-0.2114672661
1650132184323,-0.0002832413,-6.4414873123,-0.5091595650
1650132184500,0.0848484039,-6.5097475052,0.4823913574
1650132184731,-1.2219467163,-5.4775099754,1.7544515133
1650132184908,-3.9728274345,-3.5031676292,0.5586982965
1650132185088,-1.1813607216,-1.0719299316,-3.2923145294
1650132185322,-1.6501685381,-1.7660617828,-3.8660314083
1650132185505,-2.8705041409,-0.7087922096,-1.1276102066
1650132185682,-5.1986694336,-1.6818122864,-0.7806472778
1650132185911,-1.7785692215,-0.7066152096,3.5304155350
1650132186096,-0.0907788277,-1.0816488266,2.9489450455
1650132186275,1.5833396912,-3.4522643089,0.6832067966
1650132186507,0.1738898754,-2.3561773300,1.2612533569
1650132186687,1.3360745907,-3.0868101120,1.4671286345
1650132186858,2.9974408150,-4.9601030350,-0.6138806343
1650132187104,1.5893635750,-7.2277245522,0.9580841064
1650132187280,0.6944427490,-10.0237607956,-0.4994320869
1650132187446,-2.4819917679,-9.3492650986,2.8033652306
1650132187694,-3.7546181679,-5.4981889725,1.7379747629
1650132187875,-2.7454686165,-2.3370747566,-0.9507352114
1650132188048,-2.2960684299,-0.8563804626,-2.9888741970
1650132188285,-1.7216464281,-1.0040636063,-2.0936203003
1650132188458,-4.0947971344,-0.4527068138,-2.7176227570
1650132188637,-5.7607984543,-0.3254277706,0.0173964500
1650132188869,-1.7448511124,-2.3102552891,3.4403724670
1650132189043,2.9954757690,-2.0033655167,1.9461283684
1650132189231,0.9925160408,-2.9967060089,1.4067511559
1650132189466,0.6881217957,-4.4200687408,2.0987341404
1650132189643,2.0294532776,-5.5867824554,-3.4819529057
1650132189816,1.3354349136,-4.9710779190,-1.4250402451
1650132190054,-0.9494400024,-5.7797403336,0.9192676544
1650132190233,1.2128839493,-6.9590005875,1.3811738491
1650132190403,-0.9232406616,-5.4032239914,2.1836686134
1650132190646,-2.3006658554,-3.8593292236,-2.0872635841
1650132190824,-1.6367897987,-2.8407497406,-3.7481360435
1650132191000,0.3548591733,-0.8507003784,-3.2355804443
1650132191239,-0.5360655785,-2.4265027046,-1.9128580093
1650132191407,-3.5668506622,-1.9592308998,-2.8745136261
1650132191588,-5.2853584290,-0.6542204618,2.7980475426
1650132191822,1.7101621628,-1.3914968967,4.3578596115
1650132192000,3.7702081203,-4.4005374908,2.6182103157
1650132192176,0.7097709179,-2.6819219589,1.0559976101
1650132192414,0.6679689884,-3.7305374146,0.8141819239
1650132192591,1.7273924351,-5.5803418159,-1.9643285275
1650132192767,2.6835412979,-5.9047632217,-0.7426767349
1650132193008,-0.1723222733,-8.2644901276,1.1556334496
