1649856187261,0.3804667294,-0.7136998177,0.4085222185,0.4230688810,0.0000000000
1649856187462,0.3853705525,-0.6962746978,0.5799263120,0.1742888838,0.0000000000
1649856187655,0.3260193169,-0.5313431621,0.7777562737,0.0805049762,0.0000000000
1649856187859,0.3131746948,-0.3376254439,0.8844733834,0.0750835910,0.0000000000
1649856188054,0.5298751593,-0.1308314353,0.8319038153,0.1002572849,0.0000000000
1649856188248,0.7020668983,-0.0079561882,0.6799858212,0.2113244534,0.0000000000
1649856188450,0.6726447344,0.0726860389,0.6148856878,0.4051930308,0.0000000000
1649856188642,0.5675228834,0.1030830815,0.5438957810,0.6094825864,0.0000000000
1649856188839,0.4219349623,0.0778306350,0.4015513361,0.8091167212,0.0000000000
1649856189043,0.3434221447,-0.2595623732,0.2905816436,0.8545472026,0.0000000000
1649856189232,0.3080672920,-0.6428800821,0.3475802839,0.6090875864,0.0000000000
1649856189433,0.3015731275,-0.7654939890,0.4730354846,0.3151349723,0.0000000000
1649856189632,0.3241832256,-0.6654936075,0.6551138163,0.1511603147,0.0000000000
1649856189829,0.3048061728,-0.4732193053,0.8189365864,0.1118012145,0.0000000000
1649856190024,0.5203875899,-0.2624970078,0.8071869016,0.0934952796,0.0000000000
1649856190218,0.7414380312,-0.1018201485,0.6387923956,0.1784559041,0.0000000000
1649856190419,0.7297310829,-0.0156460311,0.5797234178,0.3621719480,0.0000000000
1649856190618,0.6320421100,0.0024042614,0.5081031322,0.5851052999,0.0000000000
1649856190814,0.4267244339,-0.0184087139,0.3972367644,0.8122624755,0.0000000000
1649856191013,0.3128711283,-0.3761162758,0.2332482487,0.8403829336,0.0000000000
1649856191203,0.2724469304,-0.6651257277,0.2754137814,0.6383789778,0.0000000000
1649856191407,0.2480473071,-0.6896567941,0.5004158020,0.4609014094,0.0000000000
1649856191604,0.3745976985,-0.4741112888,0.7771027088,0.1760863960,0.0000000000
1649856191798,0.4392829835,-0.2306933105,0.8650047779,0.0746848807,0.0000000000
1649856191995,0.6438335180,-0.0708827749,0.7546507120,0.1046724617,0.0000000000
1649856192188,0.7145562768,0.0029895506,0.6501198411,0.2583497465,0.0000000000
1649856192393,0.6846559048,0.0476400852,0.5468735099,0.4794852436,0.0000000000
1649856192589,0.4852566123,0.0521919988,0.4289394021,0.7601401210,0.0000000000
1649856192783,0.3246667981,-0.2591156065,0.2485620528,0.8750242591,0.0000000000
1649856192982,0.2702622712,-0.6426172853,0.2252965569,0.6806193590,0.0000000000
1649856193174,0.2762295306,-0.7951499224,0.3570682406,0.4048902988,0.0000000000
1649856193372,0.2747027576,-0.6992630959,0.5963895917,0.2826463580,0.0000000000
1649856193575,0.3323067725,-0.5001582503,0.7836554646,0.1590534151,0.0000000000
1649856193765,0.5890954137,-0.2660920918,0.7555157542,0.1065713838,0.0000000000
1649856193969,0.7369567156,-0.1189616248,0.6413711905,0.1771607548,0.0000000000
1649856194161,0.7313478589,-0.0456388257,0.5911769867,0.3369824290,0.0000000000
1649856194362,0.6272656322,0.0369810238,0.5551792383,0.5449277759,0.0000000000
1649856194556,0.4362494349,0.0763960630,0.4264637828,0.7886562943,0.0000000000
1649856194751,0.2606809437,-0.1109052896,0.2901056409,0.9141029119,0.0000000000
1649856194956,0.2165705115,-0.5725608468,0.2543565929,0.7487149239,0.0000000000
1649856195151,0.2116554379,-0.7694833279,0.3709068894,0.4748952389,0.0000000000
1649856195349,0.2503594756,-0.7461661100,0.5463608503,0.2864368558,0.0000000000
1649856195546,0.2628724575,-0.5866518021,0.7315195203,0.2271935344,0.0000000000
1649856195736,0.4168918133,-0.3979125619,0.7916552424,0.2028517127,0.0000000000
1649856195940,0.7291346788,-0.2085330933,0.6262432933,0.1808202565,0.0000000000
1649856196133,0.7853931785,-0.0798071995,0.5117895007,0.3389098048,0.0000000000
1649856196330,0.7203215957,0.0372966863,0.4518143833,0.5249853134,0.0000000000
1649856196532,0.5920173526,0.0945748091,0.3514042497,0.7190870047,0.0000000000
1649856196724,0.4036330581,0.0425575450,0.2806513608,0.8697723746,0.0000000000
1649856196925,0.2710413039,-0.3309310377,0.2570981681,0.8665574193,0.0000000000
1649856197122,0.3260026872,-0.7510275245,0.3356952369,0.4658204019,0.0000000000
1649856197321,0.3151752949,-0.7097518444,0.5686087608,0.2712950110,0.0000000000
1649856197516,0.2902592421,-0.5237549543,0.7806282640,0.1790245920,0.0000000000
1649856197718,0.2851803601,-0.3201154172,0.8931570649,0.1358996183,0.0000000000
1649856197904,0.5086349249,-0.1437436938,0.8353201151,0.1512234360,0.0000000000
1649856198109,0.6400498748,-0.0290008169,0.7181512117,0.2715767920,0.0000000000
1649856198299,0.6242957115,0.0455749892,0.6337333918,0.4544884562,0.0000000000
1649856198504,0.5251890421,0.1021723896,0.5392212868,0.6503673792,0.0000000000
1649856198697,0.3916975856,0.0286590625,0.4021165371,0.8270755410,0.0000000000
1649856198897,0.2327493578,-0.1237973869,0.3318941593,0.9057307839,0.0000000000
1649856199094,0.2890229821,-0.5848947167,0.3887284398,0.6505798101,0.0000000000
1649856199285,0.3483332396,-0.7197207212,0.5090987086,0.3185663223,0.0000000000
1649856199488,0.3929892182,-0.6217824221,0.6626405716,0.1409026831,0.0000000000
1649856199682,0.3544549644,-0.4423347116,0.8177495599,0.0999369547,0.0000000000
1649856199879,0.4943699837,-0.2611900866,0.8232475519,0.0981913060,0.0000000000
1649856200079,0.6952809691,-0.0926302746,0.6958168149,0.1544118077,0.0000000000
1649856200270,0.7144593596,0.0323999338,0.6316202879,0.2992555201,0.0000000000
1649856200472,0.6066958308,0.1546811759,0.6287535429,0.4611538947,0.0000000000
1649856200672,0.4923713505,0.1989162713,0.5168644786,0.6714565158,0.0000000000
1649856200865,0.3470787704,0.0861877650,0.3700110018,0.8574379683,0.0000000000
1649856201060,0.3286820054,-0.4320569932,0.3093420863,0.7807703614,0.0000000000
1649856201254,0.3698344827,-0.7298981547,0.3786954880,0.4325053990,0.0000000000
1649856201455,0.4082784951,-0.6572734714,0.5859905481,0.2406559139,0.0000000000
1649856201653,0.3612980843,-0.4722320735,0.7920998931,0.1379792243,0.0000000000
1649856201852,0.4661505222,-0.3037579060,0.8275730014,0.0745501220,0.0000000000
1649856202050,0.6921992302,-0.1467365474,0.6964243650,0.1196733713,0.0000000000
1649856202240,0.7376300693,-0.0291394852,0.6216741800,0.2618663013,0.0000000000
1649856202445,0.6782878041,0.0757374093,0.5888623595,0.4329326153,0.0000000000
1649856202641,0.5792061090,0.1386126280,0.5180337429,0.6139608026,0.0000000000
1649856202834,0.4326975048,0.0919368491,0.4163091779,0.7943595648,0.0000000000
1649856203031,0.2865159512,-0.1497454494,0.3506931067,0.8789193630,0.0000000000
1649856203234,0.3252810836,-0.6551669836,0.3223563433,0.6008617878,0.0000000000
1649856203430,0.3485295177,-0.7500901818,0.4519949257,0.3340546191,0.0000000000
1649856203627,0.3948246539,-0.6403548121,0.6442604661,0.1377956271,0.0000000000
1649856203817,0.3333042264,-0.4734056294,0.8121693730,0.0719467551,0.0000000000
1649856204024,0.4559894502,-0.2918566763,0.8359843493,0.0895735174,0.0000000000
1649856204215,0.6070348024,-0.1080746055,0.7682448626,0.1721292436,0.0000000000
1649856204412,0.5872142315,0.0585085750,0.7531327605,0.2907700539,0.0000000000
1649856204609,0.5433347821,0.1208435073,0.6775530577,0.4807348251,0.0000000000
1649856204802,0.4021736979,0.1685152948,0.5482189655,0.7136630416,0.0000000000
1649856205002,0.3038918376,-0.0131392712,0.4079082310,0.8608646989,0.0000000000
1649856205204,0.2981783748,-0.5095766187,0.3494161963,0.7275504470,0.0000000000
1649856205399,0.3383862674,-0.7677850723,0.4117187858,0.3556521237,0.0000000000
1649856205598,0.3505499661,-0.6613933444,0.6364707947,0.1859529912,0.0000000000
1649856205788,0.2849389911,-0.4679722786,0.8292288184,0.1104139090,0.0000000000
1649856205991,0.5028432012,-0.2788197398,0.8149003983,0.0731139928,0.0000000000
1649856206186,0.6839488149,-0.1317129582,0.7011544704,0.1524733305,0.0000000000
1649856206382,0.7034813166,-0.0278797802,0.6336558461,0.3206509650,0.0000000000
1649856206583,0.6544860005,0.0541133843,0.5538595915,0.5118196607,0.0000000000
1649856206780,0.5586184263,0.0329376422,0.4209610522,0.7138994336,0.0000000000
1649856206977,0.3935132921,-0.1064857394,0.3037188947,0.8611404896,0.0000000000
1649856207174,0.3350669146,-0.5467845798,0.2299419641,0.7320406437,0.0000000000
1649856207366,0.3064962029,-0.7491738200,0.3525241911,0.4696012437,0.0000000000
1649856207567,0.2945850790,-0.7210240364,0.5725826025,0.2559162676,0.0000000000
1649856207765,0.2548087239,-0.5803325176,0.7557407618,0.1647501290,0.0000000000
1649856207958,0.3098582327,-0.3810375333,0.8581699133,0.1494747251,0.0000000000
1649856208156,0.5987733006,-0.1911087781,0.7675383687,0.1258285046,0.0000000000
1649856208350,0.6551426649,-0.0608329661,0.7120638490,0.2450561970,0.0000000000
1649856208550,0.6043099761,0.0156132346,0.6703506708,0.4303436577,0.0000000000
1649856208753,0.4916824996,0.0413022190,0.5795775652,0.6485617161,0.0000000000
1649856208945,0.4173853993,-0.0643381029,0.3643472195,0.8300006986,0.0000000000
1649856209145,0.3441509306,-0.4521647990,0.2654940486,0.7788581848,0.0000000000
1649856209336,0.2698422670,-0.7534347773,0.3029516339,0.5174373984,0.0000000000
1649856209536,0.2112297863,-0.8082213998,0.4570592642,0.3053801060,0.0000000000
1649856209734,0.2242522240,-0.7267388701,0.6273462176,0.1673269421,0.0000000000
1649856209929,0.2169600129,-0.5737389326,0.7748372555,0.1529025584,0.0000000000
1649856210132,0.3843534291,-0.3981811702,0.8240118623,0.1213617921,0.0000000000
1649856210322,0.6798121333,-0.2326644510,0.6836082339,0.1280722022,0.0000000000
1649856210525,0.6958871484,-0.0975143909,0.6489713192,0.2916646302,0.0000000000
1649856210722,0.6316632032,0.0461347513,0.6230979562,0.4589359462,0.0000000000
1649856210916,0.5405471325,0.1504419744,0.5156275630,0.6475371122,0.0000000000
1649856211117,0.3698585629,0.1955158561,0.3796006143,0.8251554966,0.0000000000
1649856211311,0.2404400110,-0.0275371056,0.2590838373,0.9350432158,0.0000000000
1649856211508,0.2393334210,-0.5262127519,0.3329267800,0.7449693680,0.0000000000
1649856211709,0.2240606248,-0.7255355716,0.4710791111,0.4488646686,0.0000000000
1649856211904,0.2652373612,-0.6817263961,0.6500617862,0.2057131380,0.0000000000
1649856212103,0.2649263144,-0.5230108500,0.7970585823,0.1448146701,0.0000000000
1649856212298,0.4209470451,-0.3508656323,0.8307605982,0.0976408198,0.0000000000
1649856212493,0.6947356462,-0.1742554158,0.6891445518,0.1098053232,0.0000000000
1649856212694,0.6461865306,-0.0156340227,0.7167905569,0.2615526021,0.0000000000
1649856212884,0.6253871322,0.0612434223,0.6388356090,0.4438797534,0.0000000000
1649856213086,0.4951541126,0.1799876988,0.5566107631,0.6423482299,0.0000000000
1649856213282,0.3578837216,0.2029141486,0.4043133259,0.8168695569,0.0000000000
1649856213478,0.2648796737,-0.0168814398,0.2996779084,0.9163770676,0.0000000000
1649856213679,0.2946631908,-0.5248038173,0.3433672488,0.7210086584,0.0000000000
1649856213870,0.3840008974,-0.7561846375,0.4418604970,0.2923822403,0.0000000000
1649856214071,0.3809784055,-0.6778772473,0.6237263083,0.0793936476,0.0000000000
1649856214271,0.3185249269,-0.5312657356,0.7843945026,0.0319976285,0.0000000000
1649856214464,0.4095122218,-0.3721267283,0.8327895403,0.0168242808,0.0000000000
1649856214664,0.5404510498,-0.2273164243,0.8005930781,0.1236554608,0.0000000000
1649856214858,0.5752442479,-0.0611501336,0.7736926675,0.2583686411,0.0000000000
1649856215055,0.5756622553,0.0582329370,0.6931189299,0.4298930466,0.0000000000
1649856215256,0.4724469185,0.1649403125,0.6020964980,0.6221482158,0.0000000000
1649856215453,0.3219800293,0.2498463839,0.4835416675,0.7746567726,0.0000000000
1649856215649,0.2542557418,0.1220396385,0.3717769980,0.8844445944,0.0000000000
1649856215842,0.2932015359,-0.3674939871,0.3673093319,0.8025365472,0.0000000000
1649856216045,0.3520846963,-0.7183144689,0.4146027565,0.4337801635,0.0000000000
1649856216238,0.4042611420,-0.6899670362,0.5714733005,0.1842191964,0.0000000000
1649856216433,0.3679746687,-0.5207235813,0.7610085607,0.1196141243,0.0000000000
1649856216632,0.3960744739,-0.3389059305,0.8497995138,0.0781571046,0.0000000000
1649856216832,0.5620606542,-0.1659242213,0.8063175678,0.0800559670,0.0000000000
1649856217030,0.6054708958,-0.0473700128,0.7691298723,0.1989982575,0.0000000000
1649856217226,0.5401404500,0.0632425547,0.7454203963,0.3854829371,0.0000000000
1649856217417,0.4448888600,0.1385954022,0.6418459415,0.6090148091,0.0000000000
1649856217617,0.2959019244,0.1420333534,0.4683063328,0.8203400373,0.0000000000
1649856217815,0.2021215558,-0.1046405286,0.3299675584,0.9161433578,0.0000000000
1649856218016,0.2228509337,-0.5658304095,0.3318218589,0.7211571932,0.0000000000
1649856218213,0.2666712105,-0.7171025872,0.4474568367,0.4630688429,0.0000000000
1649856218403,0.3032955229,-0.6445764899,0.6409870982,0.2857770622,0.0000000000
1649856218605,0.2886225879,-0.4799216092,0.8018602729,0.2083084434,0.0000000000
1649856218803,0.4843633175,-0.3208249211,0.8065871000,0.1089990661,0.0000000000
1649856218995,0.6869806051,-0.1730293334,0.6912388206,0.1425040215,0.0000000000
1649856219195,0.6907882690,-0.0178166721,0.6597217321,0.2954003215,0.0000000000
1649856219388,0.6270681620,0.1228796095,0.6183682680,0.4575006068,0.0000000000
1649856219590,0.5312573910,0.1468730420,0.5313478708,0.6433221102,0.0000000000
1649856219789,0.3539120853,0.1642564833,0.4045645893,0.8270995021,0.0000000000
1649856219986,0.2457316667,-0.1202546507,0.2755953670,0.9215215445,0.0000000000
1649856220183,0.2091051042,-0.5987394452,0.2949500978,0.7146961093,0.0000000000
1649856220389,0.2334274203,-0.7874262333,0.4153730869,0.3910713196,0.0000000000
1649856220578,0.2350047082,-0.7030680180,0.6185265779,0.2605629563,0.0000000000
1649856220774,0.2080035508,-0.5421087742,0.7856165767,0.2136801034,0.0000000000
1649856220969,0.3391309679,-0.3898769319,0.8376137614,0.1771703213,0.0000000000
1649856221170,0.5816610456,-0.2505750060,0.7485628724,0.1963064820,0.0000000000
1649856221368,0.6736792922,-0.1184021309,0.6608352661,0.3089238405,0.0000000000
1649856221563,0.5920688510,0.0525742099,0.6614220738,0.4573961496,0.0000000000
1649856221760,0.5118942857,0.1611574888,0.5589080453,0.6321505308,0.0000000000
1649856221950,0.3409035206,0.2152483910,0.4148963690,0.8156678081,0.0000000000
1649856222154,0.2307334840,-0.0709057376,0.2956092954,0.9243103266,0.0000000000
1649856222352,0.2059889734,-0.4879674911,0.3520802259,0.7716837525,0.0000000000
1649856222544,0.2265513986,-0.6886426210,0.4483805001,0.5228773355,0.0000000000
1649856222742,0.2507692575,-0.6663234830,0.6124770045,0.3435109556,0.0000000000
1649856222936,0.2443875521,-0.5263314843,0.7727296352,0.2571745217,0.0000000000
1649856223140,0.3546887934,-0.3750400543,0.8222133517,0.2398040295,0.0000000000
1649856223337,0.4955289662,-0.2245788872,0.7734178305,0.3253309429,0.0000000000
1649856223529,0.5344614387,-0.0973433554,0.7057210803,0.4547890127,0.0000000000
1649856223731,0.4686522782,-0.0001623631,0.6401768923,0.6087188125,0.0000000000
1649856223921,0.3018861413,0.1652136147,0.5751562119,0.7421351671,0.0000000000
1649856224125,0.2270001322,0.1184140816,0.3492626846,0.9013682008,0.0000000000
1649856224321,0.2536899745,-0.4690250456,0.2595527768,0.8051640987,0.0000000000
1649856224519,0.3039323688,-0.7582026124,0.3520016372,0.4569997489,0.0000000000
1649856224711,0.3137257397,-0.7177084088,0.5526270270,0.2847351730,0.0000000000
1649856224908,0.3193992674,-0.5714255571,0.7350261211,0.1766170710,0.0000000000
1649856225110,0.3502537608,-0.3970695138,0.8342325091,0.1539941728,0.0000000000
1649856225304,0.5468232036,-0.2120393664,0.7873734236,0.1899127215,0.0000000000
1649856225501,0.5849837661,-0.0767869726,0.7339540720,0.3364658058,0.0000000000
1649856225701,0.5213232636,0.0588986203,0.7039465904,0.4787611067,0.0000000000
1649856225895,0.4256756306,0.2278656960,0.6175052524,0.6209385991,0.0000000000
1649856226097,0.2852677107,0.3184327781,0.4697824419,0.7723518610,0.0000000000
1649856226294,0.1611787528,0.1714494824,0.3459861875,0.9082511067,0.0000000000
1649856226484,0.1888614595,-0.4026966989,0.3701634705,0.8155646920,0.0000000000
1649856226688,0.2029978484,-0.6532753110,0.4891904593,0.5410322547,0.0000000000
1649856226885,0.2799733877,-0.6999951005,0.6181221604,0.2225911021,0.0000000000
1649856227082,0.2726390958,-0.6478803754,0.7027823329,0.1096172333,0.0000000000
1649856227278,-0.4969357550,0.5501944423,-0.6710514426,0.0055593830,0.0000000000
1649856227470,0.5123454332,-0.4225023389,0.7335924506,0.1443471014,0.0000000000
1649856227673,0.5220731497,-0.2045407295,0.7836660743,0.2673390210,0.0000000000
1649856227865,0.5347029567,0.0134552158,0.7622210383,0.3645968139,0.0000000000
1649856228061,0.5186741948,0.1481621116,0.6893795133,0.4835090041,0.0000000000
1649856228257,0.4084357619,0.2613177299,0.6105024219,0.6262428761,0.0000000000
1649856228457,0.2828972638,0.2680684030,0.4686349332,0.7927734852,0.0000000000
1649856228651,0.2641716301,-0.0967160538,0.3545401394,0.8917177916,0.0000000000
1649856228849,0.2763735652,-0.5529721379,0.4021549225,0.6753598452,0.0000000000
1649856229045,0.3174214065,-0.6967126727,0.5248059034,0.3720401824,0.0000000000
1649856229244,0.3281474411,-0.6057861447,0.6956332922,0.2035601139,0.0000000000
1649856229441,0.2491294593,-0.4701664448,0.8329581618,0.1518511474,0.0000000000
1649856229637,0.4040902257,-0.3289251029,0.8448157907,0.1216783449,0.0000000000
1649856229836,0.5770095587,-0.1691248566,0.7759221196,0.1907922328,0.0000000000
1649856230032,0.5467795730,0.0231119283,0.7852567434,0.2896027863,0.0000000000
1649856230231,0.4557686150,0.1780498028,0.7633435130,0.4217580855,0.0000000000
1649856230427,0.3050386310,0.2939557433,0.6966249347,0.5790122747,0.0000000000
1649856230624,0.1591954529,0.3484619260,0.5575256944,0.7364755273,0.0000000000
1649856230828,0.2188055217,-0.0658621714,0.3931556046,0.8906261921,0.0000000000
1649856231017,0.3006401658,-0.6311237216,0.3572136760,0.6194325686,0.0000000000
1649856231222,0.3319116831,-0.7784966230,0.4572729170,0.2732747793,0.0000000000
1649856231415,0.3150646985,-0.6954545379,0.6352615952,0.1162750497,0.0000000000
1649856231615,0.2966637015,-0.5251070857,0.7921142578,0.0938520208,0.0000000000
1649856231811,0.3898589909,-0.3310958743,0.8537493944,0.0974548236,0.0000000000
1649856232003,0.6311734319,-0.1637236029,0.7460709214,0.1348809153,0.0000000000
1649856232207,0.6854571104,-0.0431177989,0.6679897904,0.2864944339,0.0000000000
1649856232403,0.6003134847,0.1196347773,0.6574282646,0.4394307137,0.0000000000
1649856232599,0.5269745588,0.1930927038,0.5373666883,0.6294839382,0.0000000000
1649856232794,0.3493510783,0.2210797817,0.4433605373,0.7953043580,0.0000000000
1649856232987,0.2412081063,-0.0862503648,0.3401468694,0.9048091769,0.0000000000
1649856233191,0.2312105149,-0.5502384901,0.3873084188,0.7026887536,0.0000000000
1649856233386,0.2627725005,-0.6882469058,0.5370895267,0.4108548462,0.0000000000
1649856233584,0.2422190309,-0.5810957551,0.7335814238,0.2559608817,0.0000000000
1649856233780,0.2938420773,-0.4023263752,0.8500766754,0.1707629114,0.0000000000
1649856233974,0.6020227075,-0.2213938385,0.7606587410,0.0997580364,0.0000000000
1649856234177,0.7068978548,-0.0958172083,0.6701762676,0.2048858553,0.0000000000
1649856234374,0.6123697758,0.0133311981,0.6914968491,0.3829590678,0.0000000000
1649856234569,0.4584628642,0.1580075771,0.6534632444,0.5812324882,0.0000000000
1649856234768,0.2945122123,0.2383136004,0.4995605052,0.7790433168,0.0000000000
1649856234962,0.2081908733,0.0579238720,0.3221303225,0.9217013717,0.0000000000
1649856235163,0.1944445074,-0.4596016705,0.2742143273,0.8220487237,0.0000000000
1649856235360,0.1885563731,-0.7448436618,0.3442981541,0.5395491123,0.0000000000
1649856235550,0.1508290917,-0.7063586116,0.5571166873,0.4097915888,0.0000000000
1649856235754,0.1547281146,-0.5533800721,0.7592522502,0.3055579960,0.0000000000
1649856235948,0.2616859376,-0.3995640278,0.8528361917,0.2110437304,0.0000000000
1649856236145,0.5460004807,-0.2532069981,0.7836228013,0.1539641172,0.0000000000
1649856236345,0.6392188072,-0.1133024395,0.7237941027,0.2338460237,0.0000000000
1649856236536,0.5945543051,0.0152135864,0.7004303336,0.3945517838,0.0000000000
1649856236739,0.4949983656,0.1290549934,0.6314145327,0.5827839375,0.0000000000
1649856236936,0.3859592676,0.1384118050,0.4747349024,0.7787839174,0.0000000000
1649856237133,0.2604885697,-0.0338445492,0.3279821277,0.9074293375,0.0000000000
1649856237331,0.2482905686,-0.5262923241,0.2988649905,0.7563384771,0.0000000000
1649856237521,0.2253304869,-0.7143018246,0.4041809440,0.5250112414,0.0000000000
1649856237724,0.2326604873,-0.6892783046,0.6036671996,0.3261142075,0.0000000000
1649856237923,0.2471856326,-0.5365961790,0.7792438269,0.2091480047,0.0000000000
1649856238112,0.2619342506,-0.3592440486,0.8841066360,0.1438388675,0.0000000000
1649856238315,0.6097692251,-0.1793177277,0.7661388516,0.0951727703,0.0000000000
1649856238506,0.7072947621,-0.0389641523,0.6711900234,0.2184486389,0.0000000000
1649856238708,0.6770344377,0.0872676149,0.6323959827,0.3661749065,0.0000000000
1649856238903,0.5595623851,0.1963900030,0.5643387437,0.5743193030,0.0000000000
1649856239102,0.3878065050,0.2354158908,0.4673058987,0.7588219047,0.0000000000
1649856239300,0.2198767364,0.0958400667,0.3805362582,0.8931187391,0.0000000000
1649856239500,0.2295514047,-0.4133183062,0.3525611162,0.8075733781,0.0000000000
1649856239692,0.3144685030,-0.7363204956,0.3943804204,0.4510052204,0.0000000000
1649856239893,0.3134854138,-0.6814124584,0.6015747190,0.2747940421,0.0000000000
1649856240082,0.2169531733,-0.5200602412,0.8047293425,0.1867601275,0.0000000000
1649856240288,0.1969067752,-0.3531761467,0.8985049725,0.1708308160,0.0000000000
1649856240483,0.4304730594,-0.2073631436,0.8643537760,0.1567993760,0.0000000000
1649856240683,0.5152506828,-0.0671059191,0.8100660443,0.2716736197,0.0000000000
1649856240872,0.4353363812,0.0707764477,0.8000461459,0.4066929221,0.0000000000
1649856241069,0.3975681961,0.1649941504,0.7151662111,0.5506847501,0.0000000000
1649856241268,0.2695759833,0.2869766951,0.6168596148,0.6815111041,0.0000000000
1649856241467,0.1704496294,0.2379700094,0.4725393057,0.8312784433,0.0000000000
1649856241659,0.1811508834,-0.2425809354,0.4256586134,0.8527330160,0.0000000000
1649856241858,0.2525511682,-0.6320466995,0.5062340498,0.5295866132,0.0000000000
1649856242054,0.2225777358,-0.6544900537,0.6424075365,0.3307785988,0.0000000000
1649856242253,0.1835086197,-0.5417961478,0.7882358432,0.2268606275,0.0000000000
1649856242449,0.2173896879,-0.3856135011,0.8815599680,0.1639998704,0.0000000000
1649856242648,0.5335770249,-0.2292386293,0.8077512980,0.1014053747,0.0000000000
1649856242843,0.6697030663,-0.0951588005,0.7107779384,0.1929697990,0.0000000000
1649856243040,0.5533616543,0.1009821296,0.7506027818,0.3466827571,0.0000000000
1649856243235,0.4476864934,0.2437413186,0.6713322997,0.5380333662,0.0000000000
1649856243434,0.2861865163,0.3224792182,0.5287777185,0.7310940623,0.0000000000
1649856243633,0.1569130123,0.1320908666,0.3888468742,0.8981806040,0.0000000000
1649856243833,0.2057407796,-0.4845125079,0.3751066923,0.7630290389,0.0000000000
1649856244025,0.3159669340,-0.7441147566,0.4798346460,0.3409058750,0.0000000000
1649856244229,0.2975120842,-0.6552690268,0.6681110859,0.1890412271,0.0000000000
1649856244426,0.2545836568,-0.4714874327,0.8348190188,0.1263484955,0.0000000000
1649856244619,0.4288479090,-0.2680542171,0.8554661274,0.1114187837,0.0000000000
1649856244820,0.5390865803,-0.0825770050,0.8154479265,0.1939366609,0.0000000000
1649856245011,0.6023425460,0.0263644736,0.7243927121,0.3342805803,0.0000000000
1649856245217,0.4872071445,0.1863243133,0.6996643543,0.4882440269,0.0000000000
1649856245411,0.3552888930,0.3138995469,0.5831695795,0.6596590877,0.0000000000
1649856245603,0.2129263580,0.2845467031,0.4202733934,0.8349046707,0.0000000000
1649856245807,0.2284875214,-0.2922532856,0.3475881517,0.8611410856,0.0000000000
1649856246002,0.3248330951,-0.7416731715,0.3437782824,0.4756267965,0.0000000000
1649856246200,0.3161826432,-0.7292582393,0.5337275267,0.2886967957,0.0000000000
1649856246397,0.2046760917,-0.5733499527,0.7556763291,0.2415177524,0.0000000000
