1649864084716,2.2904357910,0.7297515869,0.3392028809
1649864084916,2.2426605225,1.0632781982,-0.2404479980
1649864085110,1.6551208496,0.3804473877,-1.2610778809
1649864085309,0.3118896484,0.4665222168,-1.7965087891
1649864085506,-0.8684387207,0.1916351318,-2.1031646729
1649864085700,-1.7729492188,-1.0616760254,-1.5924835205
1649864085903,-1.5757598877,-3.8504943848,0.3246765137
1649864086099,0.6958160400,-2.6219024658,1.5614318848
1649864086295,1.9700317383,-0.2569274902,0.9718322754
1649864086493,2.2500610352,1.5056762695,0.3695678711
1649864086683,1.8885345459,0.7378692627,-0.5698852539
1649864086887,1.2374725342,0.1787414551,-1.4450683594
1649864087083,-0.1423492432,0.0993957520,-1.8793487549
1649864087282,-1.1150970459,-0.1209411621,-1.9145355225
1649864087478,-1.7523651123,-1.9942321777,-1.0043945312
1649864087669,-1.0007476807,-4.0063171387,1.1331024170
1649864087870,1.0768127441,-1.6429901123,1.5139770508
1649864088065,1.9678955078,-0.4875183105,0.6474609375
1649864088262,2.0269622803,1.1755065918,-0.4697570801
1649864088459,1.7692413330,0.7693939209,-1.2238159180
1649864088653,0.5359497070,0.5385437012,-1.9302978516
1649864088857,-0.1579284668,1.4921112061,-1.9593048096
1649864089055,-1.0508422852,-0.6639404297,-1.7595520020
1649864089250,-1.8638458252,-3.0229339600,-0.5522308350
1649864089449,-0.3041687012,-4.3354644775,1.4087219238
1649864089639,1.5504760742,-0.9140319824,1.0431213379
1649864089839,2.1381378174,0.7111206055,0.3133697510
1649864090041,2.0646514893,0.9552764893,-0.1398925781
1649864090232,1.0919036865,-0.6754302979,-1.3393249512
1649864090433,0.0633239746,1.0630950928,-1.8470916748
1649864090628,-0.7344665527,0.8506469727,-1.8672485352
1649864090829,-1.4544982910,-0.5170898438,-1.6866760254
1649864091022,-1.8214569092,-3.0633850098,-0.0287170410
1649864091215,0.0054779053,-3.5364990234,1.5757904053
1649864091415,1.7435150146,-1.2964324951,0.8307189941
1649864091611,2.2425384521,0.6311035156,-0.1956024170
1649864091814,2.0790100098,1.5189971924,-0.3975524902
1649864092009,0.9803619385,0.0136260986,-1.2820892334
1649864092200,0.2646026611,0.9296875000,-1.7651062012
1649864092405,-0.4386901855,0.7425231934,-1.9949798584
1649864092600,-1.0311126709,-0.4721374512,-1.9353027344
1649864092797,-1.8853454590,-2.9363250732,-0.3338470459
1649864092996,-0.5249481201,-3.5980072021,1.6355438232
1649864093185,1.5664825439,-2.1188507080,1.1972961426
1649864093388,2.2658081055,0.3949890137,0.2431182861
1649864093587,2.1271514893,0.9109954834,-0.5004882812
1649864093782,1.4043731689,2.0276031494,-1.2074432373
1649864093979,0.8889160156,0.9709167480,-1.4730529785
1649864094172,-0.0079650879,0.3356170654,-1.9442138672
1649864094372,-0.7592163086,-0.9666900635,-2.0709686279
1649864094569,-1.8035583496,-3.0021057129,-0.7754974365
1649864094764,-0.5196838379,-3.4771881104,1.3435974121
1649864094967,1.6409606934,-1.7373046875,1.1832427979
1649864095161,2.3065490723,0.9803314209,0.4695739746
1649864095360,2.0005798340,1.4686584473,0.1044616699
1649864095555,1.4256134033,0.2278594971,-1.0440979004
1649864095749,0.7584381104,0.6850891113,-1.7246093750
1649864095952,-0.1308135986,0.2659149170,-2.0968780518
1649864096147,-1.3027648926,-1.4494018555,-1.8202056885
1649864096345,-1.7549285889,-3.6224517822,0.1479492188
1649864096539,0.1183013916,-3.5568389893,1.7508087158
1649864096732,1.6391296387,-0.7591857910,1.0686492920
1649864096935,2.2360687256,1.1155700684,0.2237548828
1649864097133,2.1031951904,0.4293823242,-0.5589447021
1649864097325,1.1052856445,0.5431213379,-1.6470947266
1649864097524,0.3133544922,0.8618164062,-2.0619354248
1649864097717,-0.6416778564,-0.3748779297,-1.9043884277
1649864097920,-1.7782592773,-1.6562347412,-0.8995666504
1649864098116,-1.3496093750,-2.7066955566,1.0654144287
1649864098312,0.5564117432,-2.6581268311,1.6558227539
1649864098510,1.8105926514,-0.0858154297,0.9278411865
1649864098708,2.0825500488,1.1737976074,0.2672576904
1649864098907,1.6847534180,-0.0704803467,-0.9080047607
1649864099103,0.6378479004,-0.5002288818,-1.8832550049
1649864099297,-0.4477233887,0.3475952148,-1.8902130127
1649864099496,-1.4257965088,0.1569366455,-1.4457397461
1649864099695,-1.9528503418,-1.4093933105,-0.5050048828
1649864099893,-1.0905456543,-3.0127410889,1.1825103760
1649864100081,1.0120697021,-2.3903808594,1.4561767578
1649864100279,2.1122436523,-0.1164855957,0.5813598633
1649864100484,2.1926879883,1.5042724609,-0.1251678467
1649864100680,1.4454803467,-0.0326690674,-1.1200408936
1649864100872,0.4672851562,-0.0025024414,-1.9161834717
1649864101072,-0.4698486328,0.3762969971,-1.8589477539
1649864101265,-1.4679412842,0.0597534180,-1.5713958740
1649864101468,-2.0234680176,-1.8835449219,-0.4393463135
1649864101664,-0.7877960205,-2.0976562500,1.4120178223
1649864101860,1.0496978760,-1.7395019531,1.5663909912
1649864102059,1.9975738525,-0.0457458496,0.6710357666
1649864102250,2.1039276123,0.6506500244,-0.0240631104
1649864102452,1.3209228516,-0.2894287109,-1.2761077881
1649864102649,0.0746307373,-0.0264434814,-1.9236297607
1649864102844,-0.9507141113,0.5598602295,-1.7941894531
1649864103045,-1.6645812988,-0.4230194092,-1.3290710449
1649864103244,-1.7084350586,-2.4713897705,0.1722564697
1649864103441,0.0407867432,-2.6310119629,1.6632080078
1649864103633,1.7101593018,-0.6206359863,1.4351806641
1649864103832,2.0940399170,-0.0917510986,0.4982147217
1649864104028,1.9212188721,0.7139892578,-0.5524749756
1649864104228,0.9685668945,-0.9657135010,-1.6358489990
1649864104420,-0.5427703857,0.3576660156,-1.9671173096
1649864104618,-1.4018402100,0.9435577393,-1.7970581055
1649864104811,-2.0239562988,-1.0115966797,-1.0178985596
1649864105014,-1.6187591553,-2.5774383545,0.6537475586
1649864105213,0.3152465820,-3.1477966309,1.4017486572
1649864105406,1.8430328369,-0.7556915283,0.7019500732
1649864105607,2.2922668457,0.2221221924,-0.0426940918
1649864105797,1.8868865967,0.4686584473,-0.7920532227
1649864106001,0.8807220459,-0.2539367676,-1.7446441650
1649864106197,-0.5140075684,0.7802734375,-2.0161132812
1649864106394,-1.2953033447,1.0741577148,-1.9988861084
1649864106593,-1.9581604004,-1.2222137451,-1.2139129639
1649864106782,-1.5535888672,-3.6161041260,0.9456787109
1649864106984,0.5893402100,-3.2705230713,1.7101287842
1649864107178,2.0984954834,-0.5310211182,0.4545440674
1649864107378,2.4043579102,0.8443450928,-0.4845428467
1649864107575,1.6096191406,0.0169372559,-1.4116516113
1649864107774,0.2937469482,0.3867492676,-2.0512390137
1649864107968,-0.8656158447,0.6194915771,-1.9376220703
1649864108167,-1.7542572021,0.1311645508,-1.6085357666
1649864108358,-2.0428924561,-2.8731536865,-0.1451416016
1649864108560,-0.2472381592,-3.8493957520,1.5220336914
1649864108762,1.8504791260,-1.4394378662,0.8115386963
1649864108952,2.3867645264,0.5489349365,-0.2220001221
1649864109149,2.0824890137,1.3120269775,-0.7496643066
1649864109343,1.2219543457,-0.0724945068,-1.5161743164
1649864109543,-0.1481628418,1.0014648438,-1.9525909424
1649864109744,-0.7060089111,1.9189300537,-2.1725006104
1649864109942,-1.5182189941,-1.9057159424,-1.4940643311
1649864110138,-1.3144836426,-3.4226989746,0.7368927002
1649864110328,0.6649627686,-2.8866577148,1.6580200195
1649864110532,1.9987945557,-0.3214874268,0.8831787109
1649864110725,2.1314849854,0.4218139648,-0.1358032227
1649864110924,1.1184082031,-0.0712738037,-1.4048767090
1649864111120,-0.0235443115,0.5597991943,-2.1200866699
1649864111313,-0.9309844971,1.1981658936,-2.1614379883
1649864111511,-1.7501068115,-0.7622985840,-1.6992034912
1649864111710,-1.9408721924,-2.9263000488,0.1896057129
1649864111906,0.0807342529,-2.6838531494,1.6685791016
1649864112102,1.9152984619,-1.1711425781,1.1245422363
1649864112299,2.3609924316,-0.3128814697,-0.0737304688
1649864112496,1.9471893311,0.5855255127,-1.3379821777
1649864112695,0.7983245850,1.1135559082,-1.9147796631
1649864112891,-0.4160308838,0.5359191895,-2.1367034912
1649864113086,-1.2823028564,-0.5842285156,-1.8596191406
1649864113284,-1.9926147461,-2.6764526367,-0.1502838135
1649864113483,-0.6397247314,-3.1515350342,1.6803741455
1649864113678,1.3790130615,-1.7088317871,1.3493347168
1649864113876,2.2633666992,0.2563323975,0.1957855225
1649864114079,2.1025238037,0.4405670166,-0.7053070068
1649864114272,1.2615966797,-0.1404266357,-1.5889892578
1649864114471,-0.0849914551,0.6972503662,-1.8693847656
1649864114666,-1.1582336426,1.1623077393,-1.8801422119
1649864114860,-1.7562713623,-0.8531951904,-1.5962066650
1649864115060,-1.7308044434,-3.6386413574,0.3322448730
1649864115255,0.1945953369,-3.3975830078,1.5425109863
1649864115459,1.8228759766,-0.7948608398,0.7709808350
1649864115654,2.3066711426,0.6518707275,-0.1685485840
1649864115846,1.9491424561,0.5579681396,-0.9769592285
1649864116049,0.7377777100,-0.2265014648,-1.8132476807
1649864116245,-0.4095458984,1.0681152344,-1.8963775635
1649864116439,-1.2560882568,0.3228607178,-1.8067016602
1649864116640,-1.8997650146,-1.8708343506,-0.8390960693
1649864116830,-1.1866302490,-3.6266021729,1.2450103760
1649864117035,0.9404754639,-2.3010711670,1.5471496582
1649864117233,2.0210418701,-0.0185699463,0.4144744873
1649864117423,2.2529296875,0.5711669922,-0.4674377441
1649864117627,1.7387542725,1.1156311035,-1.0726318359
1649864117815,0.3903198242,-0.4911956787,-1.7400665283
1649864118020,-0.8134613037,1.5472717285,-1.8643798828
1649864118214,-1.3209686279,0.0022125244,-1.7700500488
1649864118407,-1.8976287842,-2.4233703613,-0.4804534912
1649864118610,-0.6474761963,-3.1734619141,1.2870330811
1649864118805,1.5737609863,-1.6689453125,1.1373748779
1649864119006,2.2807769775,-0.1159362793,0.2275390625
1649864119197,2.0950775146,0.9930419922,-0.6095886230
1649864119393,1.2777404785,0.0250549316,-1.4097137451
1649864119597,-0.0671539307,0.7396392822,-1.8828277588
1649864119793,-1.3777160645,-1.5608215332,-1.6836242676
1649864119989,-1.8521881104,0.4868011475,-0.8873443604
1649864120186,-1.5308532715,-1.0958862305,0.1822814941
1649864120378,-0.4148712158,-0.0714569092,1.6446380615
1649864120582,0.7087707520,0.6180267334,1.9877624512
1649864120779,1.2278137207,0.6937103271,1.6864166260
1649864120975,1.5260467529,-0.8300476074,0.4648132324
1649864121167,1.2711944580,-0.2680969238,-1.0888214111
1649864121365,0.2377929688,-0.2034759521,-2.1323699951
1649864121568,-1.5552978516,-2.2862396240,-1.8064117432
1649864121763,-2.0156555176,-2.4188537598,0.4349365234
1649864121959,0.3714447021,-2.5548248291,1.9619903564
1649864122155,2.2290344238,0.1866912842,1.1828155518
1649864122351,2.3357543945,1.2167968750,0.3272399902
1649864122551,1.6550598145,-0.7483673096,-1.2268066406
1649864122747,0.0923461914,-0.4233856201,-2.1904602051
1649864122942,-1.1528472900,0.3689727783,-1.9897918701
1649864123143,-1.9580383301,-1.2416381836,-0.8548583984
1649864123341,-1.4315338135,-2.7779235840,1.2990722656
1649864123536,0.6913604736,-1.7867889404,1.8435974121
1649864123737,2.0769958496,-0.3531951904,0.7029876709
1649864123925,2.3637390137,0.6409301758,-0.3976745605
1649864124125,1.4248352051,-0.3635864258,-1.5161743164
1649864124321,-0.2090606689,0.6212615967,-1.9612579346
1649864124522,-1.3612823486,0.3997039795,-2.0464782715
1649864124718,-2.1466217041,-1.6762237549,-0.9534454346
1649864124910,-1.2387390137,-3.3865966797,1.2995605469
1649864125114,1.1118774414,-2.0648498535,1.5538635254
1649864125310,2.1792602539,0.4003753662,0.5090332031
1649864125509,2.1446228027,0.7334136963,-0.3844757080
1649864125704,1.0637512207,-0.3666992188,-1.6651153564
1649864125894,-0.2035675049,0.5734863281,-2.0996856689
1649864126096,-1.1554260254,0.3274993896,-1.9222869873
1649864126295,-2.0212707520,-1.4975280762,-0.6566314697
1649864126492,-1.1986694336,-2.9369354248,1.3418273926
1649864126690,0.7693634033,-2.1475067139,1.5828247070
1649864126887,2.0778503418,0.2174835205,0.5662078857
1649864127081,2.2722320557,0.7571716309,-0.2804565430
1649864127278,1.5559234619,0.0590820312,-1.2886352539
1649864127472,0.2690582275,0.6125183105,-1.9282073975
1649864127671,-1.0123596191,0.0312805176,-1.9256439209
1649864127868,-2.0457611084,-1.4657135010,-0.8809967041
1649864128068,-1.4841308594,-2.6995391846,0.9625396729
1649864128265,0.3096923828,-1.7875213623,1.5060882568
1649864128456,1.7798767090,-1.0691375732,0.7476959229
1649864128658,2.0264129639,0.5583953857,-0.3084869385
1649864128856,1.7278747559,0.1476593018,-1.2876586914
1649864129050,0.5072479248,0.5294494629,-1.8295593262
1649864129248,-0.8452758789,0.9878997803,-1.8634643555
1649864129442,-1.5527954102,0.5172882080,-1.7662048340
1649864129641,-1.6975097656,-4.0057678223,0.1268768311
1649864129838,0.3746795654,-3.6903839111,1.5375518799
1649864130037,1.7024078369,-0.6748809814,0.7247924805
1649864130238,1.9179840088,0.3647613525,-0.2309112549
1649864130426,1.6803588867,1.3145904541,-1.0354309082
1649864130628,0.9717407227,0.6140441895,-1.7541198730
1649864130828,0.1194610596,2.1813049316,-2.0129394531
1649864131025,-0.7742309570,-0.4083557129,-2.0273590088
1649864131223,-1.9746551514,-2.9962463379,-0.6976165771
1649864131427,-0.9427185059,-3.6757812500,1.5067596436
1649864131616,1.1132812500,-1.8946685791,1.4497680664
1649864131813,2.1768188477,0.3105010986,0.1608428955
1649864132002,2.1955566406,0.4736785889,-0.9434356689
1649864132207,1.0281829834,0.0183410645,-1.7919921875
1649864132405,-0.3609161377,0.7983551025,-1.9720153809
1649864132601,-0.9969635010,1.4573059082,-1.8351745605
1649864132798,-1.7543182373,-1.7003479004,-1.0709228516
1649864132987,-1.3013000488,-4.0483398438,1.0578918457
1649864133192,0.9167022705,-2.1460418701,1.4841613770
1649864133385,2.0542602539,-0.1177673340,0.5523376465
1649864133583,2.1231689453,0.5839996338,-0.4348754883
1649864133782,1.6344757080,0.4351959229,-1.4348144531
1649864133974,0.2019195557,-0.3001708984,-2.0604095459
1649864134173,-1.1847381592,0.8823394775,-1.7607727051
1649864134374,-1.8672027588,-0.7271118164,-1.2445220947
1649864134567,-1.7169952393,-2.6285552979,0.6342620850
1649864134767,0.2207489014,-2.5052947998,1.6459808350
1649864134959,1.7548828125,-0.8462829590,0.8855743408
1649864135160,2.2106475830,0.4220581055,-0.2027435303
1649864135360,1.8684387207,0.7256011963,-1.0632781982
1649864135557,0.6012573242,0.5647583008,-1.7319335938
1649864135752,-0.6780853271,0.7639617920,-1.9774475098
1649864135949,-1.4805908203,-0.3635253906,-1.8013305664
1649864136146,-1.9941406250,-2.5379791260,-0.2277984619
1649864136346,-0.3691101074,-3.7270965576,1.5263671875
1649864136536,1.7774810791,-1.2542877197,0.8908233643
1649864136736,2.1873168945,0.4514465332,-0.1469726562
1649864136931,1.8993530273,1.2194824219,-0.8197937012
1649864137133,1.0631256104,0.0139312744,-1.6495361328
1649864137331,-0.4582977295,0.1402587891,-2.2090911865
1649864137521,-1.3265228271,0.2002410889,-1.5782470703
1649864137721,-2.0359344482,-1.2881927490,-0.3194885254
1649864137919,-1.2273864746,-3.8634338379,1.5277099609
1649864138116,1.2132873535,-1.6378479004,1.5622253418
1649864138315,2.1759490967,0.0519866943,0.2485046387
1649864138505,2.1338653564,1.1199188232,-0.7894287109
1649864138708,1.3120574951,0.6726379395,-1.3039703369
1649864138906,0.0574035645,0.2786254883,-1.8662719727
1649864139102,-0.9166870117,0.6487426758,-1.9384155273
1649864139295,-1.8678131104,-0.7482452393,-1.4880218506
1649864139492,-1.7516937256,-3.9338684082,0.7666320801
1649864139690,0.9664916992,-2.8676605225,1.4349212646
1649864139886,2.2002105713,-0.4160003662,0.0470275879
