1649856187261,5.3068113327,-3.9619619846,6.9526801109
1649856187462,4.9706726074,-4.9360833168,4.0119214058
1649856187654,1.8751478195,-8.3537616730,0.2889583111
1649856187859,8.9361476898,-10.5189495087,-1.3338451385
1649856188053,-1.6141681671,-10.7909173965,-0.2335467339
1649856188248,-1.3137550354,-6.5892853737,-1.0119056702
1649856188450,-1.1831088066,-4.4516239166,-2.4529194832
1649856188642,-1.6712574959,-6.1179628372,-2.4758839607
1649856188839,-5.0970964432,-3.9782662392,-1.0828356743
1649856189042,-10.8342275620,-1.7540271282,5.1638164520
1649856189232,-0.8816509247,-1.1639503241,1.2166132927
1649856189433,3.2568669319,-5.6695895195,4.4117536545
1649856189632,3.6152381897,-6.4374580383,3.6600208282
1649856189828,5.9982347488,-8.2418441772,-1.0889284611
1649856190023,5.2826986313,-11.8295974731,0.4246444702
1649856190217,-4.3099079132,-9.9316148758,-2.1408257484
1649856190419,-2.1486177444,-6.8917860985,-2.3121805191
1649856190617,-2.4222025871,-5.3926701546,-4.5125551224
1649856190813,-4.1511058807,-7.1435065269,-1.2436757088
1649856191012,-7.2933397293,-3.4050464630,8.0725669861
1649856191202,1.2741346359,0.1047641635,9.7589435577
1649856191407,-1.1175317764,-6.4539308548,7.8508272171
1649856191603,3.0112199783,-16.9048404694,9.8907585144
1649856191797,9.6976146698,-17.8714714050,-10.1259326935
1649856191996,-2.9777469635,-8.0740575790,-4.4598770142
1649856192188,2.0275917053,-3.2756428719,-0.8104522824
1649856192392,-1.2209753990,-6.9885802269,-2.9987392426
1649856192588,-4.1990671158,-8.9802780151,-4.3867902756
1649856192782,-5.1681733131,-3.4722976685,7.7889685631
1649856192981,-1.3008203506,-1.5853338242,9.0633726120
1649856193173,0.6503481865,-4.1200962067,4.7911567688
1649856193372,2.7284750938,-7.8252329826,5.3484153748
1649856193575,6.9373092651,-12.7436866760,0.7859981060
1649856193766,2.1100988388,-13.5371723175,-3.4476995468
1649856193969,-4.8944339752,-7.6526050568,-1.9868043661
1649856194161,-0.3971395493,-3.1881203651,-1.9463908672
1649856194362,1.0179724693,-5.8409538269,-3.4990124702
1649856194556,-3.6122875214,-7.9262290001,-3.5756783485
1649856194751,-10.0637178421,-4.4724984169,4.2254528999
1649856194956,-1.8441390991,-1.0002640486,7.9294862747
1649856195151,0.2841186523,-3.1858983040,4.2472963333
1649856195348,1.2823424339,-4.9416251183,2.8865218163
1649856195546,4.7971782684,-9.0053615570,0.4560847282
1649856195736,8.2577047348,-8.5564298630,-2.2783393860
1649856195939,-1.4753618240,-11.2072238922,2.3674943447
1649856196133,-0.6453933716,-7.5041599274,-1.1984615326
1649856196329,-2.0971589088,-6.2168302536,-1.6877155304
1649856196531,-4.0943546295,-6.0483160019,-2.1409900188
1649856196723,-7.3704319000,-2.2644104958,-1.2813081741
1649856196925,-6.0682077408,-2.9049611092,4.7106485367
1649856197122,2.0226225853,-4.4515671730,6.0557074547
1649856197321,4.1321148872,-7.2617645264,3.4633078575
1649856197515,2.6295380592,-8.2464561462,0.7125153542
1649856197718,8.2369174957,-10.5111389160,-1.4341673851
1649856197904,0.4570693970,-9.6437788010,-1.0894126892
1649856198108,-1.5428543091,-5.6286067963,0.8104033470
1649856198299,0.7926774025,-4.5269269943,-2.8061285019
1649856198503,-3.2827074528,-5.0218744278,-1.6148645878
1649856198695,-3.8439066410,-3.1137967110,-2.3941273689
1649856198895,-6.9130468369,-2.9544765949,4.5902485847
1649856199094,-2.6069593430,-1.8909531832,3.8552517891
1649856199284,2.7504806519,-5.0054478645,5.8602452278
1649856199488,4.2360200882,-5.9320030212,2.9110343456
1649856199681,3.4041857719,-8.5085735321,-1.7842574120
1649856199879,6.1205501556,-9.0666389465,-2.0465753078
1649856200078,-1.6109609604,-7.7676405907,3.4035890102
1649856200269,-0.8582096100,-4.9676198959,-1.5899875164
1649856200471,-0.9001560211,-4.1423439980,-3.1856503487
1649856200670,-0.1834921837,-5.8032937050,-6.2832469940
1649856200864,-9.1070814133,-4.7797574997,-0.8845343590
1649856201060,-5.2678303719,-2.3693103790,5.1477327347
1649856201254,4.2122550011,-3.7673902512,6.0230827332
1649856201455,4.8188495636,-7.2130436897,4.3624591827
1649856201652,1.1725163460,-8.3473453522,-0.6006855965
1649856201851,9.4184303284,-8.3151187897,-3.2373385429
1649856202049,1.0710754395,-8.0184240341,1.2882311344
1649856202240,-0.8742904663,-6.6819152832,-0.8449844122
1649856202444,-1.1325998306,-3.2710604668,0.2600588799
1649856202640,-2.4896273613,-4.4007177353,-3.6214873791
1649856202834,-4.9429225922,-3.6935753822,-3.5172591209
1649856203030,-5.2616252899,-3.3585073948,2.9008021355
1649856203233,-0.2001705170,-2.9981265068,8.0807256699
1649856203430,4.4687056541,-4.6901226044,4.6690297127
1649856203626,0.0039958954,-7.3767790794,2.4754137993
1649856203817,5.0844330788,-8.1213741302,-2.5288822651
1649856204023,7.5594058037,-7.3224678040,-3.4147007465
1649856204214,-0.5322322845,-9.7705459595,1.9239218235
1649856204411,-2.3589863777,-5.0822219849,-1.5715839863
1649856204608,1.8931632042,-2.8582763672,-3.9495344162
1649856204802,-2.7274341583,-7.1046710014,-4.0112948418
1649856205001,-7.6818046570,-3.5566163063,0.0055298805
1649856205203,-3.5697832108,-2.1004059315,5.1745934486
1649856205398,4.7293767929,-4.5605664253,6.9318742752
1649856205597,2.4494938850,-7.9071211815,6.0144009590
1649856205788,6.3140659332,-10.6859626770,-2.9224207401
1649856205990,5.0826005936,-9.0050449371,-2.2420480251
1649856206186,-1.6461544037,-8.5229082108,0.8597925901
1649856206382,-0.5265512466,-5.6461262703,0.6304513216
1649856206583,-1.1151933670,-3.1161670685,-1.0796746016
1649856206780,-2.8415205479,-5.4645981789,-4.7529582977
1649856206977,-6.4711260796,-3.6405391693,2.4128203392
1649856207174,-3.7525281906,-2.3542163372,7.6394710541
1649856207366,1.9148068428,-2.9699928761,5.4021768570
1649856207567,1.3758792877,-7.0991349220,2.1621317863
1649856207765,4.7690744400,-6.4499411583,1.5746040344
1649856207958,7.0798888206,-9.2950124741,-1.3095321655
1649856208155,-0.9948673248,-9.1014480591,1.1402838230
1649856208350,-2.1980543137,-5.8027658463,-1.5119601488
1649856208549,-0.1454482079,-3.0184545517,-3.8513009548
1649856208752,1.0236487389,-5.2901606560,-1.7946138382
1649856208944,-7.7309136391,-4.5258235931,0.5294365883
1649856209144,-5.9670753479,-2.2336454391,4.3578147888
1649856209336,1.1967377663,-2.6478948593,4.6464920044
1649856209535,4.4709310532,-4.5180678368,3.8511934280
1649856209733,1.6233606339,-4.6135988235,2.8474192619
1649856209929,3.8214206696,-6.6124181747,-0.8002161980
1649856210131,4.0430474281,-8.2194967270,0.1095104218
1649856210321,-1.3651876450,-9.0531511307,1.7575993538
1649856210525,-0.7762136459,-7.0034189224,-1.0385829210
1649856210722,-0.7966866493,-4.4114971161,-1.9343707561
1649856210915,-1.5677726269,-4.7120456696,-3.8394930363
1649856211116,-4.3553791046,-3.6120123863,-4.2346873283
1649856211310,-8.9955291748,-3.4955692291,1.0843987465
1649856211508,-2.0403532982,-3.7053227425,4.2175645828
1649856211708,0.8781032562,-4.1535120010,4.0231556892
1649856211904,4.1538929939,-6.3259749413,3.8206136227
1649856212102,3.8439016342,-6.7271389961,-1.5090663433
1649856212298,3.3099055290,-7.8022379875,-1.0094480515
1649856212492,0.0354862213,-8.4411334991,2.3758625984
1649856212692,-0.8721847534,-5.3484106064,-1.4745420218
1649856212883,1.0243644714,-4.4295024872,-4.1455249786
1649856213085,-1.6261370182,-6.6581912041,-2.2526369095
1649856213281,-5.9406275749,-3.2927484512,-1.2799324989
1649856213478,-8.5338764191,-1.4153699875,1.2139906883
1649856213679,-4.4891328812,-2.4933698177,4.1174173355
1649856213870,1.6460843086,-4.5551414490,3.0541002750
1649856214069,3.2925257683,-6.7216582298,3.7582864761
1649856214270,4.4400687218,-7.1221251488,-2.9863364697
1649856214463,4.3127465248,-7.0672111511,-2.2063884735
1649856214664,1.5719165802,-7.1866674423,-0.2528281212
1649856214856,-2.3727254868,-7.2155256271,0.5490119457
1649856215056,0.7334885597,-4.5805335045,-1.3701384068
1649856215256,-1.5221879482,-5.2974414825,-2.6498465538
1649856215452,-4.5984907150,-3.0899076462,-1.6875290871
1649856215648,-8.8230133057,-0.6512804031,-1.7800917625
1649856215841,-4.7567658424,-1.8622541428,1.3797955513
1649856216044,1.1186041832,-5.0608181953,6.4116811752
1649856216237,4.9473595619,-5.8520526886,3.7008106709
1649856216432,3.5135378838,-7.3459343910,-0.9861661196
1649856216631,4.2163233757,-7.5198330879,-1.5660834312
1649856216831,-0.0491199493,-6.7302761078,-1.4191696644
1649856217029,1.3780813217,-5.1813020706,-2.0445210934
1649856217225,0.7696738243,-4.4367299080,-1.8159520626
1649856217417,-1.1994793415,-6.1998085976,-3.1336097717
1649856217616,-4.6903114319,-4.9999251366,-1.8684377670
1649856217815,-8.7391901016,-2.6266748905,2.3386282921
1649856218015,-2.0167293549,-1.9956470728,7.0213565826
1649856218213,1.0867261887,-2.9566812515,4.4981746674
1649856218402,0.9596652985,-6.5227217674,3.8553421497
1649856218604,5.5673074722,-7.6252164841,-0.9926903248
1649856218802,3.6178197861,-7.4517183304,0.1475112438
1649856218995,0.4704446793,-7.0870714188,-1.1692100763
1649856219194,-0.5348920822,-7.4101543427,-1.2072913647
1649856219388,-2.8804335594,-4.7882657051,-1.6858941317
1649856219589,-1.3371849060,-3.0569119453,-3.4382023811
1649856219789,-3.2526626587,-3.2153654099,-2.3011260033
1649856219985,-7.7969036102,-3.4041259289,2.2102680206
1649856220182,-1.2626171112,-2.9282336235,5.2941265106
1649856220388,3.6471848488,-3.7802958488,4.3660001755
1649856220576,0.4249005318,-5.1190891266,3.7331368923
1649856220774,3.8488841057,-8.0842933655,-1.6615321636
1649856220968,5.7246966362,-7.8108758926,-2.1147241592
1649856221169,-1.4065160751,-7.7211709023,1.2579621077
1649856221367,-1.0858497620,-5.8043889999,1.3605642319
1649856221562,1.6966471672,-3.1912093163,-1.2250132561
1649856221759,0.5378317833,-5.1615557671,-5.6438131332
1649856221950,-4.4318976402,-5.2849893570,-4.9331231117
1649856222153,-10.6793146133,-4.0301475525,0.4318547249
1649856222351,0.8048362732,-2.3512835503,3.9695711136
1649856222543,1.5138278008,-2.4503357410,4.6747717857
1649856222742,0.8624181747,-5.8717193604,5.0281424522
1649856222935,4.2569890022,-7.1323180199,-1.1821455956
1649856223139,7.0625882149,-7.4417247772,-2.3049101830
1649856223336,-0.5746145248,-8.0240640640,-2.2201409340
1649856223529,-1.3541564941,-4.4242553711,-3.0392625332
1649856223730,0.1240453720,-3.4104933739,-1.8594985008
1649856223920,2.1385521889,-3.5098204613,-1.8619513512
1649856224124,-5.8710088730,-4.1484150887,-2.6102466583
1649856224320,-11.7775897980,-3.0798206329,5.4944677353
1649856224518,1.9581317902,-1.6707904339,4.5832777023
1649856224711,2.4571747780,-6.8240461349,3.4291138649
1649856224908,2.5511007309,-7.8847823143,0.7193470001
1649856225110,7.7072811127,-9.3471736908,-2.4952154160
1649856225303,2.5396375656,-8.5852928162,0.0010821819
1649856225501,-2.5204582214,-6.0388936996,-0.7323777676
1649856225700,2.0312433243,-3.5260624886,-0.8308830261
1649856225895,0.5494718552,-4.9912724495,-3.6268262863
1649856226096,-4.0699329376,-4.4755735397,-6.0123357773
1649856226292,-8.2176589966,-1.6485774517,-2.0621800423
1649856226483,-5.7789835930,-3.3734765053,3.8280024529
1649856226687,0.7483763695,-2.5078077316,3.1000633240
1649856226884,-1.1712708473,-6.0096259117,4.2774910927
1649856227082,6.0950274467,-8.2690973282,-4.8576607704
1649856227278,1.6102929115,-3.8875494003,-1.7062932253
1649856227469,2.2074623108,-5.9736757278,1.0159986019
1649856227672,0.7780456543,-7.0757479668,0.8119690418
1649856227864,-0.1195263863,-7.9078760147,-1.7546672821
1649856228060,-1.2083668709,-3.7768492699,-2.5939724445
1649856228257,-0.1451493502,-3.5687232018,-3.7238788605
1649856228456,-6.1829667091,-1.9053168297,-3.8644433022
1649856228653,-7.1773910522,-1.5195493698,0.8174729347
1649856228848,-2.9799442291,-3.4280936718,5.1948451996
1649856229045,3.4626851082,-4.6299595833,4.2206320763
1649856229244,2.0895862579,-6.5825157166,2.9249441624
1649856229441,4.6364483833,-6.4005327225,-3.0630917549
1649856229636,5.4552383423,-5.7260966301,0.9933748245
1649856229836,0.3107814789,-7.9343256950,2.4583835602
1649856230032,-0.9764657021,-5.6953144073,-0.6473193169
1649856230229,1.5030550957,-2.8627252579,-4.8225088120
1649856230426,0.5827120543,-4.5904865265,-4.8757395744
1649856230624,-2.7614305019,-4.2519145012,-1.9811897278
1649856230826,-10.8666248322,-2.0098216534,-0.2633237839
1649856231016,-1.9546122551,-1.3605010509,5.0870447159
1649856231221,2.2896046638,-4.8586330414,3.8007590771
1649856231414,3.0477719307,-7.4275584221,3.0843262672
1649856231614,5.6248679161,-7.7056322098,-1.6155922413
1649856231811,2.8537116051,-8.7645549774,-2.3193044662
1649856232002,1.2792129517,-7.9548788071,2.4128508568
1649856232206,-0.8713798523,-6.6245031357,-0.4430444837
1649856232402,-1.1049480438,-5.1331224442,-0.8571536541
1649856232599,-2.0735013485,-4.0528130531,-4.2858562469
1649856232793,-4.3065304756,-2.6527161598,-4.6976509094
1649856232987,-8.2586669922,-4.2802639008,1.3349132538
1649856233189,-1.0197458267,-3.0052657127,6.7956075668
1649856233385,2.1165065765,-6.1839075089,5.5281963348
1649856233584,4.6844210625,-8.6193180084,1.6330100298
1649856233779,5.3543820381,-7.9149370193,-0.5835580826
1649856233973,-0.5862159729,-8.2978630066,-2.3900766373
1649856234176,0.5201845169,-5.9636321068,-1.6270964146
1649856234374,0.9551839828,-3.5877056122,-2.9429161549
1649856234569,0.7343983650,-5.2428874969,-2.7897362709
1649856234768,-2.5084953308,-6.4231581688,-2.2844586372
1649856234961,-10.5831766129,-2.1472671032,-0.2749233246
1649856235162,-4.5115571022,-0.0288947225,4.4016437531
1649856235359,-0.6153264046,-2.1791019440,4.3877992630
1649856235550,0.8326697350,-7.9910593033,6.0027236938
1649856235754,3.0254011154,-8.5825166702,1.1122086048
1649856235947,6.6019005775,-9.0321083069,-1.6339483261
1649856236144,-0.9732933044,-8.0842199326,-0.8667011261
1649856236344,-0.8040990829,-5.6517276764,-0.3529117107
1649856236535,-0.0060296059,-1.8464894295,-3.2034626007
1649856236738,-0.0309801102,-4.6026735306,-3.3640909195
1649856236936,-3.0269994736,-3.7328262329,-2.6191558838
1649856237133,-6.3673162460,-1.7929725647,0.8849244118
1649856237330,-2.3009281158,-1.1378545761,4.3731365204
1649856237520,-0.6580619812,-3.6690084934,7.5512394905
1649856237724,1.5432143211,-7.4620952606,4.3953170776
1649856237922,2.9571757317,-6.9484496117,0.6248824596
1649856238112,6.6742372513,-9.7580413818,-0.4497375488
1649856238316,0.0861263275,-8.1339693069,2.1193456650
1649856238506,-2.4294633865,-8.2642078400,0.1182355285
1649856238707,0.6906518936,-3.7461032867,-3.9504089355
1649856238903,-2.1089167595,-5.1034736633,-4.3000087738
1649856239102,-4.2195816040,-3.9188365936,-3.2955389023
1649856239299,-4.2498817444,-2.6253232956,-0.4716920853
1649856239499,-4.6292004585,-2.7195649147,7.0479259491
1649856239691,2.7408270836,-2.0024380684,6.1962594986
1649856239892,-0.2765049934,-6.9438333511,4.5287804604
1649856240082,4.1075353622,-8.4648056030,-0.5197308064
1649856240287,7.4364953041,-5.3956704140,-2.9196338654
1649856240482,1.8285369873,-7.8976755142,1.5290346146
1649856240682,-1.0343818665,-5.9317917824,-1.3814926147
1649856240871,1.5787425041,-4.8630647659,-2.9120645523
1649856241068,-2.0902130604,-2.6983928680,0.3368000984
1649856241268,-0.0120649934,-3.1812572479,-3.6006917953
1649856241465,-5.4703521729,-1.9910368919,-5.7170357704
1649856241659,-8.1425952911,-3.3093638420,1.7300553322
1649856241858,1.3096370697,-4.4867401123,4.2752084732
1649856242055,2.7934389114,-3.7330079079,3.9546620846
1649856242252,2.6184544563,-5.4830245972,2.5367867947
1649856242449,5.2145285606,-7.5933332443,0.3567948341
1649856242648,-0.3893737793,-6.9217576981,1.0177237988
1649856242842,1.0323553085,-6.2039256096,0.7280368805
1649856243039,3.0092835426,-5.6508455276,-2.7577679157
1649856243235,-0.7430479527,-8.0769138336,-5.5486812592
1649856243433,-4.2650957108,-4.3329219818,-5.5893077850
1649856243632,-8.6467561722,-2.7427980900,-1.2685232162
1649856243831,-5.1609916687,-2.6798951626,6.3663015366
1649856244025,1.3820662498,-4.0512871742,4.4811406136
1649856244228,3.9054665565,-5.9805331230,3.8585171700
1649856244425,4.5407881737,-10.3231906891,-0.1609151363
1649856244618,5.5043959618,-9.9504804611,-1.7319722176
1649856244820,-1.9933099747,-8.6041612625,-0.2948925495
1649856245011,0.0775351524,-4.5775046349,-1.1617107391
1649856245217,0.6403603554,-3.7390646935,-1.7600092888
1649856245411,0.2631877661,-4.9996905327,-4.6989946365
1649856245603,-7.1682677269,-4.2174606323,-5.7874488831
1649856245806,-8.5923957825,-2.9210436344,3.5970392227
1649856246001,3.0833997726,-2.5311164856,5.0806326866
1649856246199,2.5497822762,-6.7116250992,3.7277066708
1649856246396,3.7041716576,-7.7327232361,0.6029253006
