1649863191427,8.0880661011,-10.7615938187,-4.1103324890
1649863191623,-1.4652109146,-10.2349948883,-6.4997701645
1649863191824,-0.5994367599,-5.5474286079,-8.4265861511
1649863192015,-9.1161146164,-5.7701878548,0.9243121147
1649863192218,-4.0606565475,-3.9874296188,11.6283178329
1649863192414,5.6827006340,-4.6341800690,4.3698077202
1649863192611,10.9721279144,-8.5884914398,5.4819612503
1649863192810,6.9898052216,-11.3583660126,-5.1865448952
1649863193000,-0.0913152695,-9.9241132736,-7.4502201080
1649863193204,-1.9270572662,-6.3466639519,-6.9765615463
1649863193401,-7.6427416801,-5.8848538399,-0.0874576569
1649863193597,-2.9738912582,-3.5167360306,13.0834398270
1649863193794,5.1572141647,-5.6107831001,7.0127134323
1649863193984,10.4418668747,-8.5189619064,0.8740550280
1649863194186,8.0772809982,-11.5675716400,-3.9464473724
1649863194385,-1.2754011154,-9.4926080704,-6.8445844650
1649863194580,-2.2622237206,-5.3076620102,-6.1444149017
1649863194776,-5.3311285973,-6.1018013954,-2.9841690063
1649863194972,-7.0231819153,-4.3306951523,10.6839599609
1649863195172,4.4980225563,-4.0033621788,9.5126752853
1649863195370,6.9203567505,-8.5970411301,4.4414653778
1649863195568,10.0353460312,-11.1557168961,-1.5140674114
1649863195764,2.2996702194,-10.2966947556,-4.6067829132
1649863195958,-1.0452203751,-7.0701527596,-6.8962893486
1649863196156,-4.7112445831,-6.6157341003,-3.2879467010
1649863196355,-6.9795498848,-5.0171871185,9.1910438538
1649863196546,2.9110522270,-5.2380132675,9.9439334869
1649863196750,9.1449565887,-8.2292327881,6.1686959267
1649863196947,10.1001720428,-10.3307189941,-2.0765891075
1649863197140,2.9530248642,-9.6411247253,-3.1541471481
1649863197339,-0.8616256714,-6.8857955933,-6.1573085785
1649863197532,-4.0594892502,-6.5529851913,-5.1122798920
1649863197732,-8.0930919647,-4.3042736053,6.7247195244
1649863197930,0.5423183441,-3.9929146767,11.1782131195
1649863198128,8.0328092575,-8.1365795135,4.8603081703
1649863198326,10.8668956757,-9.1970109940,-1.4002881050
1649863198516,3.7137098312,-10.4295043945,-3.0824952126
1649863198715,-1.1767292023,-7.1462059021,-4.5851125717
1649863198914,-2.7897577286,-6.0696845055,-6.4948062897
1649863199112,-8.1010274887,-5.9477434158,7.0082612038
1649863199313,0.6370306015,-4.2823624611,10.2652511597
1649863199504,8.8653526306,-6.4451866150,5.4534301758
1649863199706,8.8985385895,-9.3671922684,0.0796483457
1649863199899,6.0354480743,-10.9210443497,-2.4054398537
1649863200093,0.4764509201,-7.7899560928,-7.0349345207
1649863200296,-1.6896619797,-5.6155419350,-6.9844474792
1649863200497,-8.4339389801,-4.7261734009,3.5028948784
1649863200688,-0.9603443146,-4.8066973686,9.7345418930
1649863200884,10.0742835999,-6.2428636551,6.6348924637
1649863201078,12.0143489838,-9.8762483597,0.1573599577
1649863201276,6.8732719421,-11.6383724213,-4.6275396347
1649863201472,-1.8610496521,-9.0440063477,-6.2932405472
1649863201670,-2.7651629448,-4.7409300804,-7.4920673370
1649863201866,-7.5058913231,-3.4975700378,2.9614326954
1649863202063,0.9443054199,-5.1922278404,11.0625457764
1649863202266,8.3499660492,-7.8572278023,6.7003488541
1649863202463,13.0597839355,-9.3690614700,-1.3677697182
1649863202661,4.3151016235,-9.4618196487,-1.5367279053
1649863202858,-2.1611652374,-7.7261829376,-6.1044597626
1649863203048,-2.1884713173,-4.2018504143,-6.3816981316
1649863203250,-7.4310002327,-3.1572666168,3.5079736710
1649863203448,-1.6100788116,-3.1827318668,9.8211898804
1649863203645,8.1037216187,-6.8441991806,9.2285842896
1649863203837,10.7119474411,-9.0598812103,1.3521625996
1649863204040,8.2008247375,-9.3845195770,-3.7207670212
1649863204233,-1.1417970657,-8.7385807037,-5.3008122444
1649863204426,-2.9347820282,-5.0652079582,-6.0137128830
1649863204627,-6.9734759331,-2.6706123352,-1.3332188129
1649863204824,-6.0454854965,-2.6764082909,9.7389574051
1649863205025,4.3538508415,-5.6097164154,8.3477077484
1649863205221,12.5236110687,-8.3607559204,3.6100432873
1649863205419,7.5013570786,-9.6582126617,-4.4706640244
1649863205610,0.8984022141,-8.1952381134,-3.6615395546
1649863205813,-1.8782134056,-6.3101367950,-6.6867246628
1649863206010,-5.8888139725,-4.0504012108,-3.1437344551
1649863206205,-7.2010154724,-1.8145494461,8.8220224380
1649863206401,2.3588113785,-3.1406180859,7.7281246185
1649863206595,6.2611026764,-7.6426472664,7.4814405441
1649863206794,11.4547519684,-10.2833900452,1.1726896763
1649863206995,4.1827878952,-10.7066984177,-4.0182061195
1649863207193,0.1049246788,-7.6848969460,-6.8207635880
1649863207389,-4.0448703766,-3.5252823830,-4.5214867592
1649863207580,-8.6077480316,-2.8649511337,5.4469094276
1649863207780,1.0482249260,-4.5937004089,8.9873371124
1649863207978,9.0324888229,-6.6394424438,7.8075151443
1649863208178,9.7492513657,-10.5402193069,0.9478609562
1649863208371,7.3719005585,-9.8549203873,-4.6469345093
1649863208569,-1.2281646729,-7.4361052513,-4.3073625565
1649863208769,-1.9439611435,-5.0552353859,-7.7440567017
1649863208963,-8.4558315277,-5.3733849525,2.6973004341
1649863209157,-1.3784866333,-4.7639656067,11.2856693268
1649863209361,7.9355449677,-6.5152635574,7.7904510498
1649863209567,10.5926961899,-8.8544273376,2.1589980125
1649863209750,7.4705209732,-10.5041170120,-3.4949998856
1649863209951,-0.9651489258,-9.4534559250,-6.8437952995
1649863210142,-1.2956266403,-5.5750741959,-7.2675724030
1649863210345,-11.2891674042,-5.6157345772,0.5391805172
1649863210542,-4.6902256012,-4.5212783813,11.3670043945
1649863210736,4.9407801628,-6.5635347366,6.6047606468
1649863210933,13.0847225189,-9.2524318695,3.6439013481
1649863211127,8.0372467041,-11.6161174774,-3.2487244606
1649863211329,-0.9013938904,-8.6111745834,-4.1818256378
1649863211525,-1.1461224556,-5.5846261978,-7.1332559586
1649863211724,-9.4181108475,-5.2494363785,-0.2326627970
1649863211922,-4.0746445656,-4.6941509247,9.9540023804
1649863212112,8.6343860626,-7.3785915375,7.3970561028
1649863212314,11.8996772766,-8.2594470978,2.3198366165
1649863212512,7.3159399033,-10.7101001740,-4.5983753204
1649863212706,0.5336236954,-7.8421764374,-4.8083128929
1649863212906,-1.7899932861,-5.7452902794,-5.6370930672
1649863213098,-5.4344186783,-5.8677072525,-2.8378121853
1649863213301,-5.4573574066,-4.8631730080,11.2929773331
1649863213492,5.5169734955,-5.5271615982,10.6248817444
1649863213690,7.8966994286,-11.1836719513,7.9308619499
1649863213893,9.5077667236,-15.2841148376,-0.6527472734
1649863214088,2.4798192978,-10.8750343323,-7.8900671005
1649863214285,-0.1995763779,-6.8212513924,-5.8938083649
1649863214483,-3.3372712135,-9.6487522125,-3.8273582458
1649863214674,-10.3870706558,-6.3289060593,9.6663150787
1649863214877,2.7136783600,-6.0763354301,12.1676235199
1649863215074,8.1052036285,-11.4914894104,7.3318128586
1649863215272,7.8934812546,-14.9072647095,1.5351669788
1649863215468,3.4708061218,-12.0667400360,-7.2141323090
1649863215660,-0.9585418701,-7.5229387283,-7.0505409241
1649863215856,-2.7558207512,-7.6282501221,-4.1720972061
1649863216058,-7.7848091125,-5.2855634689,8.9324922562
1649863216256,2.8041467667,-6.0805563927,10.7339076996
1649863216453,12.7955703735,-8.8452606201,6.8502368927
1649863216648,4.6215090752,-11.8939743042,4.2929329872
1649863216846,6.5567612648,-12.5482654572,-7.6618661880
1649863217044,-0.5621318817,-7.2410674095,-6.3176498413
1649863217235,0.6545004845,-5.0205621719,-4.0715346336
1649863217434,-5.6794214249,-7.1320152283,-0.6531217098
1649863217629,-7.7928285599,-4.3026876450,9.6739425659
1649863217829,3.4438662529,-6.1828646660,10.8927116394
1649863218029,10.1646652222,-10.9212970734,5.7794914246
1649863218222,6.5363597870,-13.2057895660,0.9042562842
1649863218419,3.9408254623,-10.7930727005,-7.0177202225
1649863218619,-0.1856899261,-7.3597288132,-5.6137738228
1649863218817,0.5440821648,-7.8300170898,-5.8681564331
1649863219014,-10.7293682098,-7.8390588760,1.7688925266
1649863219208,-3.2639532089,-5.2459173203,13.4030447006
1649863219409,4.1785244942,-8.1763515472,6.7081604004
1649863219609,10.4024372101,-14.2687129974,7.1025438309
1649863219803,6.9649720192,-15.0556926727,-6.1849350929
1649863220000,1.0160589218,-8.5736455917,-6.6333131790
1649863220191,-1.6375923157,-6.8980584145,-2.2617666721
1649863220390,-7.0762300491,-5.8840265274,-1.1028392315
1649863220585,-7.3721680641,-3.4599981308,10.5993289948
1649863220788,3.5728492737,-7.0647864342,9.2459001541
1649863220982,5.8396544456,-9.8004436493,5.4680399895
1649863221176,11.8583908081,-15.7813301086,1.2067538500
1649863221379,3.0823640823,-11.0805816650,-5.9685816765
1649863221577,-0.9058523178,-7.3719949722,-4.6238322258
1649863221766,-1.0219326019,-9.5554056168,-3.1513524055
1649863221968,-10.1384677887,-6.2227530479,6.4727234840
1649863222160,-1.3265676498,-4.6312661171,12.4886035919
1649863222363,5.1663208008,-7.1455593109,6.3203573227
1649863222562,8.5741100311,-14.0735912323,6.6015949249
1649863222756,7.5154881477,-13.5438938141,-4.6497650146
1649863222956,-0.1879682541,-8.5329418182,-4.9258389473
1649863223150,-0.7781357765,-6.0096011162,-2.9113881588
1649863223350,-4.7892866135,-4.7657713890,-4.2190303802
1649863223544,-8.5240688324,-5.8404998779,8.3867750168
1649863223740,1.6265077591,-10.1859607697,9.5122871399
1649863223936,10.0671157837,-10.3277988434,5.0621104240
1649863224135,11.7074756622,-15.2902774811,0.3067942560
1649863224331,2.6367568970,-13.2543334961,-3.1105973721
1649863224532,-1.5238189697,-8.9132986069,-5.2615871429
1649863224722,-4.4111990929,-6.2454051971,-4.0292000771
1649863224926,-12.0930938721,-3.0217447281,5.0896682739
1649863225123,-1.4881272316,-6.1644959450,10.7994709015
1649863225320,8.5209331512,-10.0906467438,7.0462369919
1649863225517,12.3391799927,-14.5761013031,1.2758233547
1649863225709,6.9790802002,-12.7180004120,-6.4343233109
1649863225908,-1.8171739578,-9.1984548569,-3.2536783218
1649863226104,-3.4071121216,-6.2513179779,-4.5288758278
1649863226304,-10.8715496063,-3.1426906586,3.2668554783
1649863226497,-2.9636101723,-4.1902971268,10.0902366638
1649863226693,5.3707356453,-7.6025824547,6.3496632576
1649863226890,13.8087444305,-12.6035423279,5.5381326675
1649863227092,8.0315256119,-12.9537448883,-3.6378259659
1649863227287,-0.8358764648,-8.8031959534,-5.7835979462
1649863227488,-1.5225915909,-6.0390081406,-4.6606884003
1649863227689,-5.9364385605,-3.4632577896,-0.8256713152
1649863227881,-8.3614673615,-2.9172167778,8.4098987579
1649863228074,2.1022272110,-6.0932836533,9.6059293747
1649863228269,9.9388389587,-11.4504451752,6.4900107384
1649863228472,12.1804027557,-14.1384887695,-2.4546177387
1649863228666,1.4587888718,-9.3186120987,-6.3780059814
1649863228866,-2.3402280807,-8.1840333939,-2.5552921295
1649863229063,-5.0151000023,-2.9093027115,-3.8005621433
1649863229255,-7.5177998543,-1.9308257103,1.6498414278
1649863229452,-3.4120140076,-5.3782043457,9.2000856400
1649863229654,7.5339617729,-8.7960758209,8.7759590149
1649863229851,11.2078437805,-11.8904476166,2.7807297707
1649863230050,8.0206871033,-10.2651424408,-4.8472652435
1649863230239,-1.0976324081,-8.9542751312,-3.2686343193
1649863230441,-1.7206897736,-7.5045104027,-5.8576016426
1649863230639,-6.6095972061,-6.1477980614,-2.9912047386
1649863230832,-9.6333618164,-4.8086128235,9.2536354065
1649863231033,3.3104429245,-6.8136048317,8.8060264587
1649863231224,7.5146713257,-10.3482456207,4.8178634644
1649863231428,7.8625531197,-12.5247650146,-0.2909835577
1649863231621,4.3055648804,-8.4728899002,-3.7062714100
1649863231819,-1.9445247650,-7.5178270340,-1.7288035154
1649863232022,-3.3482646942,-4.0852184296,-1.4938690662
1649863232215,-3.9172825813,-2.8752183914,-3.4633102417
1649863232407,-7.4588975906,-3.0747880936,5.6185741425
1649863232608,0.6566057205,-5.9774436951,11.3176460266
1649863232801,6.0877156258,-9.1353349686,5.6820497513
1649863233003,11.4442205429,-10.4455575943,-1.4070034027
1649863233207,4.1818943024,-9.5925388336,-3.8806757927
1649863233393,-0.0075130463,-8.9101095200,-3.5738067627
1649863233594,-2.7651810646,-7.0067639351,-5.0262022018
1649863233786,-10.2995729446,-3.7030291557,0.6141817570
1649863233989,-3.8971428871,-3.8870744705,9.8783388138
1649863234187,5.5778589249,-7.4449930191,8.1913776398
1649863234384,9.6579895020,-12.7525615692,4.5943140984
1649863234575,8.1347312927,-11.4333353043,-4.0398731232
1649863234771,1.2411069870,-8.9834947586,-4.1087327003
1649863234972,0.0696706772,-7.5274181366,-6.0325918198
1649863235172,-7.4931106567,-7.3901290894,-3.6607525349
1649863235364,-5.7407064438,-6.1778025627,10.3118343353
1649863235565,5.7784996033,-7.1029286385,8.9806766510
1649863235755,10.5362815857,-12.1669502258,7.0521268845
1649863235960,8.6305112839,-14.2949123383,-3.7264823914
1649863236154,0.3601875305,-10.4328184128,-3.9433615208
1649863236353,-0.6682376862,-6.7676782608,-6.2445378304
1649863236547,-7.5276923180,-4.6532320976,-3.8079838753
1649863236741,-5.0050506592,-5.9071197510,8.2660980225
1649863236944,6.7540440559,-7.4296207428,11.7224187851
1649863237143,9.2850017548,-13.2207660675,6.7105784416
1649863237336,8.9866905212,-11.7540264130,-4.7803220749
1649863237536,1.5880088806,-9.6938867569,-2.7581372261
1649863237730,-2.0641384125,-8.1453266144,-3.5688991547
1649863237930,-6.5823192596,-4.4254775047,-3.3769960403
1649863238128,-9.1365308762,-5.3935465813,6.5739936829
1649863238318,0.5873155594,-7.6393136978,10.3015727997
1649863238522,12.4211120605,-11.7121973038,6.0445547104
1649863238718,8.4812068939,-11.7589645386,-1.4563095570
1649863238912,1.1569185257,-12.1935482025,-5.0677661896
1649863239113,-2.0731916428,-7.9912285805,-5.6501760483
1649863239303,-4.1305050850,-4.5986280441,-6.0868554115
1649863239505,-7.6570963860,-4.5508108139,5.7629938126
1649863239698,3.4356341362,-5.8302602768,10.1335077286
1649863239898,10.2419834137,-9.6917743683,8.5576314926
1649863240098,8.6076316833,-14.0085668564,0.0362001657
1649863240288,5.8414697647,-10.4040746689,-6.3193440437
1649863240488,-2.3211879730,-9.1295070648,-2.9285278320
1649863240689,-2.4413099289,-4.7712850571,-6.2712192535
1649863240881,-8.1669750214,-4.9523773193,1.0204660892
1649863241079,-3.0424752235,-6.4592037201,11.9030532837
1649863241277,4.7240996361,-6.5053224564,6.1901855469
1649863241476,9.9141540527,-10.4200592041,4.6322221756
1649863241671,10.7891759872,-11.4000654221,-2.9862663746
1649863241864,-0.7359094620,-12.5072488785,-1.2507630587
1649863242067,-0.7200779915,-6.2614045143,-7.0201020241
1649863242261,-4.8376288414,-5.7931070328,-5.3157310486
1649863242454,-8.5468540192,-5.1173629761,9.0771312714
1649863242657,4.8617119789,-6.5497088432,10.0053958893
1649863242849,10.0900945663,-12.2320709229,7.8568496704
1649863243049,9.2008705139,-15.6327781677,-3.3698530197
1649863243249,1.8570737839,-10.7509555817,-5.6892976761
1649863243444,0.3948416710,-6.5469145775,-4.9303417206
1649863243643,-2.2296485901,-6.4113006592,-4.9618420601
1649863243835,-9.5970335007,-5.7900400162,6.6772079468
1649863244038,4.1731467247,-7.2926726341,11.0569686890
1649863244235,8.0139312744,-10.7674751282,6.9385881424
1649863244433,10.2018499374,-14.0267353058,-2.1728768349
1649863244629,5.0959482193,-10.7816286087,-4.6161041260
1649863244820,-2.6405620575,-9.5189056396,-3.5595402718
1649863245023,-3.3889193535,-5.4765954018,-7.4512686729
1649863245221,-8.9272689819,-5.2155036926,1.8967285156
1649863245416,-1.5241250992,-5.8825883865,12.6823348999
1649863245615,8.5737743378,-10.4379777908,9.0275726318
