1649856494641,4.4596471786,-3.6852147579,7.9716854095
1649856494844,5.6875443459,-3.7395195961,2.6405069828
1649856495041,1.2721242905,-5.7782664299,2.3157579899
1649856495239,7.9780955315,-9.2194404602,-5.5176496506
1649856495435,2.3983411789,-13.9934110641,-0.5616641045
1649856495629,-2.8616943359,-9.9209899902,2.4431307316
1649856495823,-3.2814974785,-5.8129506111,-1.2350220680
1649856496024,-3.6856687069,-3.3041200638,-2.7167932987
1649856496223,-7.5437650681,-3.6552853584,-3.2816348076
1649856496417,-7.5421457291,-3.9668731689,1.9535198212
1649856496612,2.6990213394,-5.4265856743,3.9924855232
1649856496814,7.5395040512,-4.8501815796,1.7887117863
1649856497013,3.6799483299,-7.3230133057,3.0872848034
1649856497203,7.7949676514,-10.8543643951,-5.3004527092
1649856497406,2.0746002197,-13.5505266190,1.0214245319
1649856497605,-3.3124437332,-9.0519447327,-1.3429403305
1649856497814,-4.0816559792,-5.7363758087,-1.7972602844
1649856497998,-4.7188024521,-4.4811902046,-4.4569039345
1649856498189,-5.9386949539,-3.8213882446,0.3337626457
1649856498392,-1.6058025360,-4.3069634438,8.4033508301
1649856498589,6.2550139427,-3.4970083237,3.4816827774
1649856498782,2.7463264465,-4.2161397934,2.3024826050
1649856498983,5.2273344994,-6.6310310364,0.4469738305
1649856499174,6.0128431320,-11.6725749969,-3.2165880203
1649856499375,-0.3386344910,-12.8843498230,0.7909523249
1649856499571,-2.3248090744,-8.0243864059,-0.5313380957
1649856499767,-4.9125123024,-6.0775794983,-3.9336891174
1649856499970,-5.2280426025,-4.0783357620,-3.7022533417
1649856500160,-6.2696185112,-3.5299940109,3.8012599945
1649856500360,3.3850264549,-4.1658873558,7.3153419495
1649856500561,5.4105148315,-4.6297688484,4.1082286835
1649856500756,0.2273640633,-6.2294154167,1.8425213099
1649856500954,7.4020299911,-7.8268189430,-2.5160608292
1649856501148,1.4031534195,-10.1162405014,-0.7194414139
1649856501344,-1.1642856598,-7.8226904869,0.0974529982
1649856501542,-0.2303376198,-5.5190229416,0.6124797463
1649856501736,-1.1321849823,-4.1571717262,0.0795332193
1649856501939,-3.7092287540,-3.1375565529,-2.9571056366
1649856502131,-7.9056773186,-1.7079901695,-0.4611577988
1649856502330,-4.1747522354,-2.3334479332,4.2563948631
1649856502531,2.2354149818,-4.2655239105,3.9642939568
1649856502722,5.4380621910,-5.5321459770,2.9620645046
1649856502926,3.3647680283,-7.3833284378,0.3422064185
1649856503120,6.2846097946,-8.8710317612,-4.4718513489
1649856503315,1.3531055450,-9.0277242661,0.0584936142
1649856503517,-0.3790674210,-8.2482833862,0.8989684582
1649856503709,-1.5567641258,-5.2428817749,-0.7387437820
1649856503912,-3.4644768238,-3.4275417328,-3.9240658283
1649856504108,-7.3990612030,-3.2084436417,-4.2683949471
1649856504299,-6.0409173965,-5.1334438324,4.4266219139
1649856504497,6.2548675537,-4.8080768585,3.7354712486
1649856504692,3.8461070061,-3.8659758568,3.6206345558
1649856504895,2.0088806152,-7.6401276588,0.6195664406
1649856505095,6.7392644882,-8.2122430801,-3.4012222290
1649856505290,2.1763801575,-9.2519378662,1.4046746492
1649856505484,0.0098304749,-6.3880701065,1.5340610743
1649856505684,-1.0234875679,-6.9839167595,-2.2131609917
1649856505883,-2.1401393414,-5.6878976822,-4.1706247330
1649856506078,-5.4569711685,-2.6449446678,-5.0038175583
1649856506271,-7.8157181740,-3.8838698864,0.5402350426
1649856506472,-1.1819992065,-4.4571075439,4.6016049385
1649856506668,5.5156469345,-5.8581070900,4.5354366302
1649856506867,2.8855066299,-7.6039252281,2.1354639530
1649856507061,5.8469066620,-10.4444999695,-3.3869402409
1649856507255,4.0943040848,-10.2267541885,0.5837150812
1649856507459,-0.2156581879,-9.3844718933,2.4987750053
1649856507656,-2.8167858124,-7.8045501709,-1.8628261089
1649856507846,-1.6857478619,-4.3345780373,-4.9740581512
1649856508049,-4.1749582291,-5.1698088646,-3.8062119484
1649856508242,-8.8482379913,-4.8834466934,5.1977033615
1649856508443,0.5055079460,-4.5772418976,5.9123015404
1649856508641,5.7297654152,-4.2600970268,3.3961334229
1649856508839,1.6397385597,-7.9022789001,3.2350158691
1649856509036,6.0743360519,-9.6499900818,-4.0315723419
1649856509227,6.1839189529,-10.7944335938,1.8907850981
1649856509426,-2.1783523560,-8.9018020630,2.5444369316
1649856509624,-0.8041772842,-4.9911417961,-2.0239043236
1649856509821,-1.5504214764,-5.7028408051,-4.4594326019
1649856510020,-2.9941906929,-3.9788508415,-4.6518697739
1649856510223,-8.2343463898,-3.6784670353,1.0731205940
1649856510416,-2.5151786804,-3.9533700943,6.7284908295
1649856510614,3.0977110863,-4.9648294449,4.7704324722
1649856510804,2.6403441429,-7.7728910446,2.5290944576
1649856511007,6.8231101036,-10.6724462509,-1.7713656425
1649856511205,6.2235403061,-9.6441726685,0.3188667297
1649856511402,-1.9895448685,-9.7692995071,1.2485499382
1649856511598,0.0407834053,-4.9091405869,-1.3410558701
1649856511789,-0.5512537956,-4.7501473427,-4.6605224609
1649856511993,-2.8315403461,-5.4043064117,-5.3162555695
1649856512190,-11.0715818405,-3.1486978531,-0.3807921410
1649856512386,-2.2025485039,-5.5774974823,5.1809868813
1649856512584,5.5484008789,-7.1265044212,3.6969776154
1649856512775,1.6881847382,-9.2588520050,0.9753297567
1649856512973,8.6279640198,-10.4001131058,-2.8494620323
1649856513171,3.8817539215,-8.6633510590,3.0680768490
1649856513374,-1.9373188019,-8.5359611511,1.2205235958
1649856513566,-0.3109188080,-3.4036540985,-1.8208968639
1649856513760,1.9015986919,-4.3776440620,-5.0835800171
1649856513960,-3.0814664364,-5.7717537880,-6.6037473679
1649856514161,-8.3668909073,-3.7508156300,-2.0132775307
1649856514357,-3.0306005478,-4.5157866478,5.5214643478
1649856514552,4.1377873421,-6.0288820267,5.7656860352
1649856514757,2.8805356026,-7.6650328636,3.4569661617
1649856514949,6.8364901543,-9.9141569138,-1.2873783112
1649856515146,1.6138114929,-11.1953229904,1.7160425186
1649856515337,-1.3166961670,-6.7508172989,-0.1957950890
1649856515541,1.8571662903,-5.6257996559,-3.0195994377
1649856515736,-0.6194717884,-6.8312869072,-5.5115742683
1649856515929,-8.1738786697,-4.5184483528,-5.1879725456
1649856516129,-9.6927661896,-2.8624856472,1.0025892258
1649856516323,0.5670881271,-6.1875972748,4.4536046982
1649856516525,6.2762770653,-8.6447372437,4.8215866089
1649856516723,6.5339760780,-10.2105541229,-2.1420552731
1649856516920,4.5439510345,-11.2551174164,0.3142845631
1649856517114,-0.5870227814,-10.4361763000,0.8971065283
1649856517308,0.1435589790,-7.0246095657,-0.6461399794
1649856517511,-0.5303764343,-6.3186001778,-4.0709114075
1649856517710,-3.5359604359,-7.4560532570,-4.3279824257
1649856517906,-12.1858921051,-3.1954565048,0.4942660332
1649856518102,-2.5808062553,-2.4734256268,6.1082153320
1649856518293,3.5209360123,-5.3395843506,6.4023399353
1649856518497,-1.6635818481,-9.0228013992,4.6597337723
1649856518693,8.4054813385,-13.8191699982,-2.3597910404
1649856518888,5.4744634628,-10.0816440582,-0.1151847839
1649856519089,-2.8771677017,-8.6181612015,1.6473104954
1649856519283,1.7175769806,-5.6358823776,-0.6787422299
1649856519478,-2.0825347900,-7.0305147171,-3.8861024380
1649856519680,-5.8775863647,-4.4355707169,-5.0313110352
1649856519873,-9.6003141403,-1.2700586319,-0.6262955666
1649856520073,-4.3655295372,-4.3401212692,4.9478311539
1649856520268,1.3592309952,-3.9610953331,2.0538809299
1649856520469,0.5664262772,-7.0942502022,3.8436691761
1649856520667,6.0827131271,-8.1086082458,-0.6525847912
1649856520856,6.3307566643,-9.8087387085,-2.6307368279
1649856521058,-0.0861806870,-8.8657083511,3.1648340225
1649856521257,1.5599083900,-7.4411988258,1.5564109087
1649856521454,-0.5592288971,-8.5931367874,-3.7586052418
1649856521652,-4.2634010315,-6.0599970818,-5.8403081894
1649856521842,-11.3287372589,-2.8930516243,-2.2242708206
1649856522046,-3.1988120079,-4.2167372704,6.9753398895
1649856522239,2.5536193848,-4.7030315399,2.6231200695
1649856522437,0.8141198158,-7.5828437805,3.5215158463
1649856522636,6.1255416870,-8.4850540161,-2.6108691692
1649856522827,6.5252709389,-8.5734043121,-0.9555509090
1649856523030,0.5494642258,-9.5626602173,3.2000544071
1649856523228,-0.3018708229,-7.4085226059,-0.5719840527
1649856523423,-1.0897393227,-4.9003496170,-3.4539973736
1649856523623,-0.9677242637,-5.5379853249,-6.5735878944
1649856523818,-11.3664836884,-4.6744279861,-3.3690481186
1649856524017,-2.7468533516,-2.9983837605,5.2636737823
1649856524214,1.6250076294,-5.9267177582,7.3070774078
1649856524407,2.9974565506,-9.8469009399,1.1120775938
1649856524608,8.1163578033,-10.1611318588,-3.0287151337
1649856524802,0.5547895432,-10.2288675308,1.2160660028
1649856524999,1.3969793320,-7.8437170982,-2.7040946484
1649856525199,-0.3170576096,-8.8177070618,-1.5528919697
1649856525390,-3.1331245899,-6.0129117966,-2.5011775494
1649856525593,-6.7350573540,-1.7700653076,-3.5121970177
1649856525785,-8.4057998657,-1.0734753609,1.6866536140
1649856525986,-3.1183390617,-4.1982746124,5.0628004074
1649856526180,3.5504360199,-7.5285525322,3.2956562042
1649856526375,3.8293151855,-6.7452530861,-0.0846952349
1649856526578,5.9522008896,-8.4079084396,-1.1457865238
1649856526776,1.5151109695,-10.3951940536,1.8395745754
1649856526974,-0.6094694138,-9.4586820602,-1.3854587078
1649856527171,-0.2785906792,-8.0495843887,-3.7386116982
1649856527363,-1.5503776073,-7.0294241905,-2.8869817257
1649856527562,-7.2080039978,-4.9196310043,-3.1831326485
1649856527762,-11.1492767334,-3.3755698204,3.1020278931
1649856527960,1.8632950783,-3.4835193157,4.0521807671
1649856528157,1.8391237259,-7.9049339294,5.3861532211
1649856528348,4.5630302429,-10.4879779816,0.1967759132
1649856528551,7.0191211700,-10.5065765381,-3.7779371738
1649856528748,0.4404506683,-9.9312858582,3.8451840878
1649856528941,-0.7636384964,-8.8895540237,1.3464596272
1649856529143,-2.6677951813,-5.7829971313,-0.6156869531
1649856529335,-2.9743628502,-3.2360849380,-3.3302662373
1649856529535,-4.6321029663,-3.4469037056,-2.6220588684
1649856529731,-8.4486083984,-3.1096801758,4.3849654198
1649856529925,2.7014722824,-2.8863749504,6.1394696236
1649856530127,0.6633472443,-4.3971247673,2.9600300789
1649856530324,1.2966380119,-5.8803567886,1.8754904270
1649856530521,6.8613600731,-7.1014771461,-2.3147935867
1649856530719,2.4939327240,-7.3203659058,0.8824179173
1649856530910,-1.9981794357,-7.1465673447,-0.4129891396
1649856531109,1.7276039124,-4.4986810684,-1.0135152340
1649856531307,2.0045294762,-4.2301836014,-0.3597620726
1649856531508,-1.2826855183,-5.9561858177,-3.7334871292
1649856531704,-5.8604826927,-4.6797657013,-4.1942877769
1649856531895,-8.4111509323,-1.9483637810,3.9566712379
1649856532096,-1.8169813156,-2.7255058289,5.1520681381
1649856532293,1.3669056892,-4.9624466896,5.1214566231
1649856532488,2.1797509193,-8.4109497070,0.5234521031
1649856532685,8.7917594910,-7.7997741699,-3.4522528648
1649856532880,3.0999422073,-10.7693223953,1.1175823212
1649856533080,-1.5950555801,-8.4811735153,1.0276341438
1649856533278,0.2113428116,-5.5809502602,-1.6691575050
1649856533475,-1.2576477528,-5.3888330460,-3.5872316360
1649856533675,-2.7136700153,-4.4186553955,-4.5868935585
1649856533884,-10.2693634033,-3.3608939648,-0.8764271736
1649856534067,-3.2129912376,-3.5449001789,6.1965894699
1649856534267,1.3555135727,-6.5874638557,5.1583595276
1649856534458,2.6570425034,-9.7256774902,0.8247184753
1649856534661,7.5649051666,-9.1151351929,-2.5223782063
1649856534858,1.5584287643,-8.4864606857,-0.6788294315
1649856535052,0.1628723145,-6.8275408745,0.8797373772
1649856535253,-1.2695670128,-5.7906756401,-0.8645620346
1649856535443,-0.0114436150,-3.6544661522,-1.5498971939
1649856535644,-0.3216807842,-5.4239130020,-5.1268124580
1649856535839,-11.4168214798,-3.1416082382,-2.3594541550
1649856536040,-5.5047307014,-2.2369060516,5.9510264397
1649856536233,1.6982183456,-5.2892189026,4.7420396805
1649856536429,2.9543309212,-7.8534336090,2.2012872696
1649856536632,9.1374378204,-10.0500545502,-1.6343431473
1649856536829,-0.4269790649,-10.1546669006,1.9294376373
1649856537026,-1.0529241562,-7.3328714371,-2.0591998100
1649856537223,1.5507750511,-6.4175763130,-5.1578140259
1649856537414,-1.1889460087,-7.4376487732,-4.1194782257
1649856537617,-4.6026134491,-6.1577286720,-4.4122705460
1649856537813,-11.6999483109,-2.7771472931,2.1333985329
1649856538008,-2.9618878365,-4.8233394623,5.8518939018
1649856538209,4.6220793724,-6.5104141235,4.2050604820
1649856538404,3.5612773895,-9.3507461548,0.1633552313
1649856538605,5.1014995575,-9.4160079956,-2.6325199604
1649856538801,-0.5139045715,-7.6429748535,-1.8439536095
1649856538992,-0.3120269775,-3.3756270409,0.8712155819
1649856539195,1.2619900703,-2.8170833588,-1.3191680908
1649856539391,2.0527307987,-4.6836466789,-0.7469215393
1649856539586,-5.7179822922,-3.2683629990,-3.0743870735
1649856539785,-10.0561008453,-1.3197021484,2.3378043175
1649856539977,-0.3127708435,-2.3607313633,5.9379768372
1649856540176,4.7420301437,-6.6819086075,5.6847558022
1649856540377,2.3037805557,-10.9751071930,0.8542817235
1649856540575,6.2062435150,-8.0191898346,-6.2422704697
1649856540768,3.0068750381,-8.0149497986,1.9830580950
1649856540962,-0.7668027878,-6.8479051590,-0.1219345331
1649856541166,0.8957190514,-5.5370235443,-1.4825702906
1649856541361,-0.6385266781,-4.6825265884,-1.9321632385
1649856541560,-2.3809125423,-5.2108306885,-5.2052779198
1649856541757,-9.7725811005,-3.0483083725,-1.8927412033
1649856541948,-5.5509252548,-4.0687799454,4.8264083862
1649856542151,3.5036196709,-5.2079181671,2.8893804550
1649856542347,3.4187831879,-6.7447052002,4.7394175529
1649856542542,4.0940856934,-8.2826919556,-2.2083239555
1649856542741,3.4388537407,-8.6179990768,-1.4433224201
1649856542938,0.7469377518,-6.9111976624,0.7970198393
1649856543135,1.6050653458,-4.9027032852,0.8767712116
1649856543330,0.1823272705,-5.8461184502,-3.4465546608
1649856543525,-2.3911199570,-6.2211456299,-5.0808115005
1649856543728,-7.1074976921,-2.5844283104,-1.1810173988
1649856543925,-9.2898521423,-2.7250268459,4.7313027382
1649856544122,0.7575001717,-4.2342920303,5.5908098221
1649856544320,2.9881362915,-8.0734825134,4.4651775360
1649856544511,7.3889889717,-10.4733772278,-1.8762291670
1649856544714,2.1992006302,-10.6525793076,-0.3753468990
1649856544911,-0.8509206772,-8.7762937546,-0.4466366768
1649856545107,0.3751106262,-5.9492483139,-1.6080371141
1649856545306,-0.7743177414,-5.1846785545,-2.4330730438
1649856545496,-1.9244503975,-6.9453186989,-5.0032348633
1649856545696,-10.2297840118,-2.9496276379,-0.2088103294
1649856545892,-6.1151347160,-1.5282194614,7.0935564041
1649856546092,0.8275561333,-4.3596515656,4.5005741119
1649856546286,0.8821840286,-7.1819429398,3.3592896461
1649856546481,5.4880099297,-10.0397939682,-0.1415884495
1649856546684,6.3687977791,-9.1623468399,-0.4831163883
1649856546881,-1.5101194382,-10.1130943298,3.4098134041
1649856547078,-1.0915937424,-7.8398814201,-1.1175057888
1649856547276,0.2135167122,-6.3181576729,-4.0615510941
1649856547480,-2.4227590561,-6.8812294006,-4.9331402779
1649856547671,-9.1146230698,-3.2511558533,-1.0336589813
1649856547862,-5.8662219048,-2.4096205235,5.7166295052
1649856548058,1.2149896622,-6.1209201813,5.6374454498
1649856548263,2.3350734711,-8.5576725006,4.0223760605
1649856548458,4.7219052315,-10.1427059174,0.2962629795
1649856548655,4.5126304626,-10.3435134888,-2.2146797180
1649856548851,0.3464870453,-6.5234613419,0.5875701308
1649856549044,0.3632531166,-5.3746914864,-1.1251342297
1649856549246,1.8268098831,-6.0559883118,-1.6545038223
1649856549444,-1.5264332294,-6.1000766754,-5.2328224182
1649856549642,-11.4548501968,-4.4339962006,-1.6870341301
1649856549839,-4.7306585312,-2.7900352478,7.2100048065
1649856550030,2.4585556984,-9.9966344833,4.8965983391
1649856550234,2.4756665230,-10.6641616821,1.9366357327
1649856550430,6.6765575409,-9.1555185318,0.3892502785
1649856550627,1.3835163116,-9.6084709167,0.7999958992
1649856550824,-2.3710527420,-5.3688840866,-0.0700459480
1649856551015,3.9055957794,-3.3543348312,-3.2585201263
1649856551217,-0.4817554951,-6.7779116631,-2.8123176098
1649856551416,-5.0033602715,-6.5195002556,-4.7665886879
1649856551612,-9.4150295258,-3.6510920525,3.0321989059
1649856551810,-1.7530751228,-2.5867054462,6.9439659119
1649856552003,2.1255316734,-5.5037345886,6.0902528763
1649856552201,2.4356822968,-10.5909805298,4.4166131020
1649856552401,6.5448136330,-10.3255500793,-3.3120706081
1649856552592,1.1779532433,-8.5824689865,-0.7013115883
1649856552795,0.6410589218,-7.3730182648,-1.8640947342
1649856552987,1.1176042557,-3.5995168686,-1.5701284409
1649856553187,0.1335813999,-5.7427439690,-4.2899789810
1649856553387,-6.2444801331,-5.1031498909,-2.6512837410
1649856553577,-8.0190181732,-2.4246544838,5.0168509483
1649856553780,-0.5038609505,-3.3559529781,7.3782677650
1649856553978,0.8048353195,-6.6796374321,6.1683106422
1649856554176,4.1198701859,-10.6288423538,1.9059624672
1649856554371,7.9653668404,-10.0842084885,-0.4328522682
1649856554563,-1.9602088928,-10.2693576813,1.1104989052
1649856554766,-0.7456073761,-6.9975371361,-2.2373232841
1649856554963,-1.9728879929,-4.2101979256,-0.1989769936
1649856555158,2.1600070000,-3.2431850433,-5.3272838593
1649856555353,-10.2969474792,-6.0392460823,-3.7329835892
1649856555548,-5.0128030777,-1.9643802643,4.5860261917
1649856555752,0.9594483376,-5.8779106140,8.5296754837
1649856555948,1.5963416100,-10.6056938171,4.2418518066
1649856556142,7.3982596397,-10.3993110657,-0.7221932411
