1649866325482,0.3801482618,-0.6881254315,0.4944850206,0.3707495630,0.0000000000
1649866325681,0.3981314301,-0.5835765004,0.6669499278,0.2368704081,0.0000000000
1649866325878,0.3729456067,-0.4301995039,0.8053516746,0.1650715917,0.0000000000
1649866326075,0.4184758067,-0.2853232622,0.8496323824,0.1469470710,0.0000000000
1649866326271,0.4640603662,-0.1278922409,0.8439613581,0.2366870940,0.0000000000
1649866326467,0.4759065509,-0.0042331652,0.7871642709,0.3922593594,0.0000000000
1649866326668,0.4396130443,0.0543435439,0.6899898648,0.5724518895,0.0000000000
1649866326869,0.3727917373,0.0454262123,0.5709305406,0.7300692201,0.0000000000
1649866327064,0.3118361831,-0.0884338245,0.4556476772,0.8290493488,0.0000000000
1649866327261,0.2961986065,-0.4147275388,0.3863496780,0.7687661648,0.0000000000
1649866327454,0.3608538806,-0.6980755925,0.3985294700,0.4729156196,0.0000000000
1649866327655,0.3560512960,-0.6853079200,0.5422493815,0.3309775293,0.0000000000
1649866327853,0.3813671172,-0.5871716142,0.6824828982,0.2097754627,0.0000000000
1649866328043,0.3789785206,-0.4226609766,0.8104187250,0.1447567642,0.0000000000
1649866328248,0.3964061141,-0.2616207600,0.8672822118,0.1491252631,0.0000000000
1649866328442,0.4779430330,-0.1342765093,0.8350681663,0.2370683551,0.0000000000
1649866328636,0.4744582176,-0.0272855796,0.7817827463,0.4036837816,0.0000000000
1649866328833,0.4195128679,0.0346931294,0.6898933649,0.5889418125,0.0000000000
1649866329029,0.3329971135,0.0372467376,0.5705621839,0.7497895360,0.0000000000
1649866329226,0.2676017880,-0.1283413619,0.4423924088,0.8462899923,0.0000000000
1649866329423,0.2757098973,-0.5256059766,0.3406902254,0.7291451097,0.0000000000
1649866329621,0.3011723161,-0.7215269804,0.3816620409,0.4929788709,0.0000000000
1649866329817,0.3007222116,-0.6874751449,0.5412689447,0.3794364631,0.0000000000
1649866330014,0.3263889849,-0.5888211131,0.6901214123,0.2655039728,0.0000000000
1649866330210,0.3650314808,-0.4524793625,0.7908318043,0.1913098842,0.0000000000
1649866330407,0.4361208975,-0.2979483008,0.8290308118,0.1836662591,0.0000000000
1649866330606,0.5023673773,-0.1584546268,0.8080590367,0.2637417912,0.0000000000
1649866330803,0.5024170876,-0.0524942018,0.7613947988,0.4063242376,0.0000000000
1649866330999,0.4520196319,0.0060593667,0.6819986105,0.5749081969,0.0000000000
1649866331196,0.3589330316,0.0309561864,0.5678671002,0.7400917411,0.0000000000
1649866331400,0.2955885828,-0.1319687814,0.4102362394,0.8525947928,0.0000000000
1649866331595,0.2646658719,-0.5006249547,0.3094820082,0.7639028430,0.0000000000
1649866331793,0.2795369923,-0.7228666544,0.3515051603,0.5251352191,0.0000000000
1649866331984,0.2749496400,-0.7244626284,0.4954526424,0.3925344646,0.0000000000
1649866332185,0.2736926675,-0.6287763119,0.6563605070,0.3145211041,0.0000000000
1649866332384,0.3212229013,-0.4953326583,0.7703137994,0.2409939468,0.0000000000
1649866332577,0.4101805687,-0.3472428620,0.8137349486,0.2213815302,0.0000000000
1649866332778,0.4936722219,-0.1933346242,0.8035476804,0.2705929577,0.0000000000
1649866332973,0.5080863833,-0.0628148168,0.7641250491,0.3924480081,0.0000000000
1649866333166,0.4719521701,0.0241491720,0.6949977279,0.5419004560,0.0000000000
1649866333362,0.4056020379,0.0362866111,0.5901588202,0.6970529556,0.0000000000
1649866333558,0.3319010437,-0.0410689525,0.4613676071,0.8217633367,0.0000000000
1649866333757,0.2807718217,-0.2884331644,0.3623923957,0.8406219482,0.0000000000
1649866333953,0.2882267535,-0.6705096960,0.2998170257,0.6143710613,0.0000000000
1649866334150,0.2666834295,-0.7614082098,0.3982561827,0.4364968538,0.0000000000
1649866334347,0.2732669115,-0.6964729428,0.5669384599,0.3447192609,0.0000000000
1649866334545,0.2951398492,-0.5438440442,0.7274861336,0.2964624465,0.0000000000
1649866334744,0.3487505913,-0.3858618140,0.8117281199,0.2656712234,0.0000000000
1649866334941,0.4510339200,-0.2356034666,0.8172289729,0.2705480456,0.0000000000
1649866335135,0.5157549381,-0.1249053404,0.7667370439,0.3612614572,0.0000000000
1649866335334,0.4832953513,-0.0205431785,0.7098131776,0.5120242238,0.0000000000
1649866335530,0.4135946631,0.0371841863,0.6143116951,0.6709529757,0.0000000000
1649866335731,0.3329459429,0.0272896793,0.4878333807,0.8064867258,0.0000000000
1649866335931,0.2716917694,-0.1890314668,0.3736022115,0.8665287495,0.0000000000
1649866336127,0.3078339398,-0.6522818208,0.2936521471,0.6273238063,0.0000000000
1649866336325,0.3159793913,-0.7596423030,0.3927858472,0.4108770192,0.0000000000
1649866336516,0.3166812956,-0.7099750042,0.5537873507,0.2982750833,0.0000000000
1649866336719,0.3343865275,-0.5695815086,0.7176865339,0.2206549346,0.0000000000
1649866336910,0.3887951970,-0.4058718681,0.8107285500,0.1637850851,0.0000000000
1649866337109,0.4861906171,-0.2601429820,0.8147414923,0.1792780161,0.0000000000
1649866337304,0.5321959257,-0.1301478446,0.7900992632,0.2749040127,0.0000000000
1649866337499,0.5013933182,-0.0141357696,0.7565641403,0.4195421338,0.0000000000
1649866337698,0.4375175536,0.0539992191,0.6873971820,0.5771893859,0.0000000000
1649866337895,0.3328523040,0.0932883024,0.5934298038,0.7268753052,0.0000000000
1649866338091,0.2499061972,-0.0219774377,0.4642070830,0.8494561315,0.0000000000
1649866338289,0.2418691814,-0.4289937615,0.3612671196,0.7918015718,0.0000000000
1649866338487,0.2668479085,-0.7109093666,0.3728348613,0.5332862139,0.0000000000
1649866338684,0.2838299870,-0.7241885662,0.5030615926,0.3767232597,0.0000000000
1649866338880,0.3210063279,-0.6268393397,0.6565873623,0.2700378299,0.0000000000
1649866339077,0.3440846205,-0.4755732119,0.7863533497,0.1925727576,0.0000000000
1649866339274,0.4280819595,-0.3270374238,0.8271139860,0.1602337062,0.0000000000
1649866339471,0.5135962963,-0.1776538044,0.8086239696,0.2253558040,0.0000000000
1649866339668,0.5322567225,-0.0470234752,0.7636143565,0.3624702692,0.0000000000
1649866339866,0.5016786456,0.0330689959,0.6883171797,0.5229191184,0.0000000000
1649866340062,0.4275729358,0.0533692613,0.5907044411,0.6822032928,0.0000000000
1649866340265,0.3445734382,-0.0205113497,0.4821358025,0.8052288294,0.0000000000
1649866340462,0.3399045169,-0.3721520305,0.3619466424,0.7841954231,0.0000000000
1649866340658,0.3682852387,-0.6878598928,0.3455412388,0.5213597417,0.0000000000
1649866340853,0.3733542264,-0.7238921523,0.4640850425,0.3481549025,0.0000000000
1649866341047,0.3703716397,-0.6484472156,0.6174888015,0.2470801771,0.0000000000
1649866341248,0.3773799837,-0.5234012008,0.7417070270,0.1830471009,0.0000000000
1649866341441,0.4206460118,-0.3801713884,0.8085259199,0.1575198770,0.0000000000
1649866341644,0.5026703477,-0.2462250143,0.8071817160,0.1874924153,0.0000000000
1649866341835,0.5338934660,-0.1191987917,0.7831848264,0.2955857813,0.0000000000
1649866342031,0.5000568032,-0.0048632855,0.7385215163,0.4522228837,0.0000000000
1649866342228,0.4205237627,0.0562965125,0.6533638239,0.6269817948,0.0000000000
1649866342428,0.3228053451,0.0379761308,0.5308156013,0.7826808691,0.0000000000
1649866342623,0.2493716329,-0.1831314266,0.4113770127,0.8573480248,0.0000000000
1649866342819,0.2558131814,-0.5857980847,0.3506627381,0.6844237447,0.0000000000
1649866343017,0.2612558007,-0.7407217622,0.4002523124,0.4720961154,0.0000000000
1649866343214,0.2680569589,-0.6961537004,0.5486307144,0.3775179684,0.0000000000
1649866343411,0.3082655668,-0.5927464366,0.6835997105,0.2937949598,0.0000000000
1649866343607,0.3481284082,-0.4453224540,0.7912148833,0.2333955467,0.0000000000
1649866343805,0.4084959626,-0.2978023291,0.8384376764,0.2036347836,0.0000000000
1649866344003,0.4878052175,-0.1695766896,0.8191550970,0.2495490015,0.0000000000
1649866344199,0.4926042855,-0.0507644005,0.7840881348,0.3741253912,0.0000000000
1649866344398,0.4674686193,0.0239765700,0.7040284872,0.5340806246,0.0000000000
1649866344595,0.3622626066,0.0938532129,0.6153526306,0.6937568188,0.0000000000
1649866344797,0.3061424196,0.0046402612,0.4592170715,0.8338914514,0.0000000000
1649866344994,0.2679035366,-0.3140048385,0.3238071203,0.8513387442,0.0000000000
1649866345191,0.2784776092,-0.6975000501,0.2980487347,0.5891610980,0.0000000000
1649866345385,0.2890722454,-0.7494391799,0.4368294179,0.4049174786,0.0000000000
1649866345579,0.2932754457,-0.6753178835,0.6027659774,0.3075848818,0.0000000000
1649866345774,0.3434305787,-0.5599873066,0.7257198691,0.2044512630,0.0000000000
1649866345979,0.3638861477,-0.4104959965,0.8192926645,0.1668516248,0.0000000000
1649866346169,0.4585273862,-0.2725605965,0.8242294192,0.1900243610,0.0000000000
1649866346373,0.5557532310,-0.1371939331,0.7687953711,0.2850786448,0.0000000000
1649866346564,0.5260651708,0.0081445510,0.7241947055,0.4457926750,0.0000000000
1649866346760,0.4864084125,0.0461198017,0.6052594185,0.6284431815,0.0000000000
1649866346957,0.3900407255,-0.0013016852,0.4743570387,0.7892097235,0.0000000000
1649866347153,0.2622222602,-0.1662087590,0.3693776727,0.8758848310,0.0000000000
1649866347352,0.2186492085,-0.5499702096,0.3313971162,0.7347797751,0.0000000000
1649866347549,0.2475061566,-0.7016604543,0.4355865717,0.5066336393,0.0000000000
1649866347745,0.2754107714,-0.6697847247,0.5884337425,0.3595594764,0.0000000000
1649866347941,0.3135824203,-0.5462879539,0.7299481630,0.2653510869,0.0000000000
1649866348139,0.3534261882,-0.3947214484,0.8253965974,0.1949496120,0.0000000000
1649866348338,0.4227636456,-0.2450742573,0.8482359648,0.2042185813,0.0000000000
1649866348532,0.4793145061,-0.1075386479,0.8185256720,0.2978402078,0.0000000000
1649866348729,0.4802263081,-0.0070363665,0.7549706101,0.4464890957,0.0000000000
1649866348927,0.4295678139,0.0338524319,0.6621305943,0.6131138802,0.0000000000
1649866349124,0.3114006817,0.0968895778,0.5786550045,0.7475295663,0.0000000000
1649866349326,0.2508079708,-0.0419389606,0.4499264657,0.8560973406,0.0000000000
1649866349525,0.2618724704,-0.4491560161,0.3549257517,0.7769873738,0.0000000000
1649866349721,0.3222572207,-0.7412961721,0.3642555773,0.4625452757,0.0000000000
1649866349918,0.2933064103,-0.7187994123,0.5325405598,0.3371932209,0.0000000000
1649866350109,0.2844075561,-0.6082850695,0.7019177675,0.2375143021,0.0000000000
1649866350312,0.2813719213,-0.4546296597,0.8309060335,0.1540676355,0.0000000000
1649866350504,0.3349109292,-0.2915405929,0.8851209879,0.1392824054,0.0000000000
1649866350707,0.4539830685,-0.1463023424,0.8493189812,0.2261686325,0.0000000000
1649866350903,0.4628126323,-0.0247871615,0.7972286940,0.3868029416,0.0000000000
1649866351094,0.4207174480,0.0501023084,0.7020056844,0.5724287033,0.0000000000
1649866351300,0.3259522021,0.0898816735,0.5913093686,0.7321404815,0.0000000000
1649866351495,0.2610839605,-0.0377545543,0.4557220936,0.8501335979,0.0000000000
1649866351692,0.2784544230,-0.4740472436,0.3493436277,0.7587498426,0.0000000000
1649866351889,0.2915028930,-0.7332288623,0.3777204454,0.4844881296,0.0000000000
1649866352079,0.2903612852,-0.7283990383,0.5171740651,0.3430104256,0.0000000000
1649866352278,0.3396054506,-0.6353717446,0.6605182290,0.2113920301,0.0000000000
1649866352482,0.3541406691,-0.4767743349,0.7900931239,0.1517349184,0.0000000000
1649866352672,0.3939985633,-0.3054414093,0.8536359072,0.1509186029,0.0000000000
1649866352874,0.4491233826,-0.1453658193,0.8503813744,0.2323972434,0.0000000000
1649866353065,0.4728232026,-0.0320759676,0.7893393636,0.3903238773,0.0000000000
1649866353268,0.4097345173,0.0513173789,0.7035793662,0.5783253312,0.0000000000
1649866353465,0.3227253258,0.0714421943,0.5722199082,0.7505390048,0.0000000000
1649866353657,0.2636109591,-0.1388622373,0.4196048081,0.8574137688,0.0000000000
1649866353859,0.2822966278,-0.5814588070,0.3504970968,0.6777654290,0.0000000000
1649866354061,0.2871260345,-0.7312648892,0.4276552200,0.4471256137,0.0000000000
1649866354253,0.2738769650,-0.6787039042,0.5909340978,0.3393364847,0.0000000000
1649866354450,0.2801998556,-0.5522429943,0.7455845475,0.2462100983,0.0000000000
1649866354641,0.3124997020,-0.4002407491,0.8431189656,0.1769227982,0.0000000000
1649866354843,0.3800369799,-0.2589753270,0.8732824922,0.1608769447,0.0000000000
1649866355038,0.4374056756,-0.1241073161,0.8570044041,0.2425223291,0.0000000000
1649866355237,0.4505853653,-0.0037201757,0.8011637926,0.3938216865,0.0000000000
1649866355432,0.3915871680,0.0829697773,0.7163200974,0.5715426207,0.0000000000
1649866355626,0.3216750920,0.0985657200,0.5761586428,0.7448832989,0.0000000000
1649866355830,0.2798485160,-0.0947073027,0.4207774103,0.8577072620,0.0000000000
1649866356021,0.2923886478,-0.5349453688,0.3369750679,0.7174887657,0.0000000000
1649866356219,0.2812629044,-0.7255660892,0.4120240808,0.4740054905,0.0000000000
1649866356415,0.2863391042,-0.7115387321,0.5613034368,0.3109035194,0.0000000000
1649866356609,0.3066886365,-0.5922771692,0.7111035585,0.2224445045,0.0000000000
1649866356811,0.3269988894,-0.4358906746,0.8178178072,0.1850543618,0.0000000000
1649866357011,0.4122559726,-0.2682542205,0.8501984477,0.1877426803,0.0000000000
1649866357205,0.4666951001,-0.1101664379,0.8306388259,0.2830162346,0.0000000000
1649866357405,0.4873200953,-0.0081431111,0.7572795749,0.4347188175,0.0000000000
1649866357594,0.4062162936,0.0812009126,0.6777991652,0.6074397564,0.0000000000
1649866357795,0.3351256847,0.0544999801,0.5497949719,0.7631815076,0.0000000000
1649866357996,0.2397396266,-0.0574576557,0.4415655136,0.8626954556,0.0000000000
1649866358188,0.2498842478,-0.4747006297,0.3496723473,0.7680796981,0.0000000000
1649866358389,0.2742066681,-0.7261836529,0.3736191988,0.5078156590,0.0000000000
1649866358586,0.2728032470,-0.7070420384,0.5239191055,0.3888170719,0.0000000000
1649866358781,0.3211050034,-0.6298277378,0.6540976167,0.2690072060,0.0000000000
1649866358981,0.3372005224,-0.5026130080,0.7683703303,0.2080457062,0.0000000000
1649866359174,0.3748757243,-0.3660305440,0.8308377862,0.1876123399,0.0000000000
1649866359375,0.4407809079,-0.2220638990,0.8337544203,0.2474942505,0.0000000000
1649866359571,0.4703318179,-0.0868942514,0.7934208512,0.3764581382,0.0000000000
1649866359762,0.4498786032,0.0206133034,0.7158294320,0.5336408019,0.0000000000
1649866359959,0.3458669484,0.1090629697,0.6317426562,0.6851149797,0.0000000000
1649866360159,0.2671184838,0.0548412614,0.4912727177,0.8272190094,0.0000000000
1649866360353,0.1926764399,-0.2012719214,0.3757263124,0.8838524222,0.0000000000
1649866360551,0.2051626742,-0.5951929092,0.3570435345,0.6900533438,0.0000000000
1649866360748,0.2871935964,-0.7354692221,0.4557475448,0.4109733105,0.0000000000
1649866360948,0.3226177692,-0.6802560687,0.6015113592,0.2671208382,0.0000000000
1649866361143,0.3514612913,-0.5612694621,0.7284570336,0.1755047292,0.0000000000
1649866361338,0.3652333021,-0.4165742397,0.8188785911,0.1500279605,0.0000000000
1649866361535,0.4122620821,-0.2631626129,0.8459513783,0.2124892473,0.0000000000
1649866361732,0.4275338054,-0.0968066156,0.8317282796,0.3406926095,0.0000000000
1649866361931,0.4577355981,-0.0004202694,0.7352354527,0.4999068081,0.0000000000
1649866362127,0.3853324354,0.0683271810,0.6262173653,0.6743160486,0.0000000000
1649866362325,0.3073370755,-0.0013440981,0.4731239378,0.8256487250,0.0000000000
1649866362524,0.2645123005,-0.3310168982,0.3539624214,0.8337695599,0.0000000000
1649866362722,0.3027355671,-0.6826974750,0.3454785049,0.5682604313,0.0000000000
1649866362921,0.3217037916,-0.7229334116,0.4671132565,0.3945620358,0.0000000000
1649866363114,0.3482438326,-0.6519691348,0.6192005873,0.2650530338,0.0000000000
1649866363313,0.3774119616,-0.5243959427,0.7440025806,0.1703796387,0.0000000000
1649866363511,0.4085048437,-0.3739907146,0.8220311403,0.1323615015,0.0000000000
1649866363704,0.4575546384,-0.2149735391,0.8402795196,0.1958582848,0.0000000000
1649866363905,0.4879836142,-0.0674351752,0.8033292294,0.3346439600,0.0000000000
1649866364115,0.4679143131,0.0182648376,0.7222566605,0.5089871287,0.0000000000
1649866364302,0.3717739582,0.0670393556,0.6276443005,0.6807000041,0.0000000000
1649866364497,0.2954740524,-0.0277470034,0.4963396788,0.8158260584,0.0000000000
1649866364688,0.3025785685,-0.4027802646,0.3642676473,0.7832773328,0.0000000000
1649866364887,0.3168905377,-0.6654029489,0.3861351311,0.5547242165,0.0000000000
1649866365088,0.3117155731,-0.6936776638,0.5048913956,0.4083250761,0.0000000000
1649866365286,0.3359918296,-0.6075984836,0.6569034457,0.2939582169,0.0000000000
1649866365480,0.3850468993,-0.4668700397,0.7724781036,0.1924807578,0.0000000000
1649866365672,0.4450387359,-0.3085483015,0.8284776807,0.1426997781,0.0000000000
1649866365873,0.4984341562,-0.1552554667,0.8308259845,0.1928400546,0.0000000000
1649866366067,0.5138414502,-0.0345939286,0.7907806039,0.3308114409,0.0000000000
1649866366263,0.4600898623,0.0351705551,0.7275232077,0.5077305436,0.0000000000
1649866366461,0.3505984843,0.0711272806,0.6378831267,0.6820020080,0.0000000000
1649866366659,0.2598600984,-0.0138493702,0.5143536925,0.8171420693,0.0000000000
1649866366855,0.2279469222,-0.2910237908,0.4075511098,0.8350134492,0.0000000000
1649866367051,0.2680003345,-0.6460189223,0.3715453744,0.6105647683,0.0000000000
1649866367249,0.2751716077,-0.7246785760,0.4592928588,0.4337875545,0.0000000000
1649866367445,0.2823439538,-0.6532471776,0.6179795265,0.3341426253,0.0000000000
1649866367645,0.3159622550,-0.5227230787,0.7587184906,0.2264392376,0.0000000000
1649866367840,0.3639388680,-0.3665962815,0.8391554356,0.1702169180,0.0000000000
1649866368037,0.4394605160,-0.2048854977,0.8506480455,0.2032100409,0.0000000000
1649866368234,0.4817791879,-0.0747797936,0.8151040077,0.3128934503,0.0000000000
1649866368431,0.4555997849,0.0083888154,0.7565992475,0.4689520895,0.0000000000
1649866368631,0.3793129325,0.0443635695,0.6674176455,0.6393021345,0.0000000000
1649866368825,0.2854278386,0.0228113662,0.5593336225,0.7779180408,0.0000000000
1649866369029,0.2110452801,-0.1225790828,0.4542708397,0.8567801714,0.0000000000
1649866369220,0.2515209913,-0.5430644155,0.3674820662,0.7118814588,0.0000000000
1649866369424,0.2690880895,-0.7044071555,0.4360648394,0.4911716878,0.0000000000
1649866369617,0.2939130962,-0.6833564043,0.5734042525,0.3432881236,0.0000000000
1649866369814,0.2932727337,-0.5688257813,0.7254108191,0.2533918917,0.0000000000
1649866370014,0.2889571190,-0.4188144505,0.8376988173,0.1983909458,0.0000000000
1649866370205,0.3609091043,-0.2530822754,0.8774423599,0.1891794801,0.0000000000
1649866370404,0.4383935928,-0.1041172892,0.8535685539,0.2615174651,0.0000000000
1649866370599,0.4800825715,-0.0223491900,0.7706090808,0.4185484946,0.0000000000
1649866370796,0.4089551270,0.0389153548,0.6797291040,0.6076262593,0.0000000000
1649866370991,0.3136340976,0.0398274660,0.5473975539,0.7748569846,0.0000000000
1649866371189,0.2299852669,-0.1025627032,0.4271352589,0.8684141636,0.0000000000
1649866371386,0.2189303190,-0.4843786657,0.3418378532,0.7749798298,0.0000000000
1649866371583,0.2398019135,-0.7052285075,0.4094256759,0.5268001556,0.0000000000
1649866371783,0.2700340748,-0.6854341626,0.5764933825,0.3534358740,0.0000000000
1649866371977,0.3087872863,-0.5620401502,0.7265174389,0.2468474507,0.0000000000
1649866372174,0.3399092257,-0.4122546613,0.8204334378,0.2034619898,0.0000000000
1649866372374,0.4118357897,-0.2474064678,0.8473091125,0.2263814062,0.0000000000
1649866372571,0.4687258899,-0.1047580838,0.8103895187,0.3355452120,0.0000000000
1649866372767,0.4767246246,-0.0214840770,0.7188130617,0.5055490136,0.0000000000
1649866372962,0.3784784973,0.0361815393,0.6273527145,0.6796126962,0.0000000000
1649866373159,0.2972805798,0.0173719674,0.4856488109,0.8218684196,0.0000000000
1649866373360,0.2402705401,-0.2147842199,0.3450098634,0.8815361857,0.0000000000
1649866373557,0.2420103550,-0.6563348770,0.2800564468,0.6574373841,0.0000000000
1649866373753,0.2343600243,-0.7665944695,0.3785551190,0.4627140760,0.0000000000
1649866373951,0.2625306249,-0.7097491622,0.5493894219,0.3542669713,0.0000000000
1649866374149,0.2790843546,-0.5804954171,0.7073195577,0.2912662625,0.0000000000
1649866374349,0.3415774107,-0.4432130456,0.7979606986,0.2239324749,0.0000000000
1649866374541,0.4330965877,-0.2976341546,0.8201592565,0.2262301594,0.0000000000
1649866374738,0.4912568629,-0.1470745802,0.7934960127,0.3277191818,0.0000000000
1649866374934,0.4978091121,-0.0439695492,0.7228457332,0.4772282541,0.0000000000
1649866375131,0.4168843031,0.0316888988,0.6528531313,0.6316534281,0.0000000000
1649866375329,0.3244154155,0.0583218075,0.5385977030,0.7754132748,0.0000000000
1649866375525,0.2311635762,-0.0366868414,0.4015154839,0.8854393363,0.0000000000
1649866375723,0.2494655252,-0.4851349592,0.2952606380,0.7843673825,0.0000000000
1649866375917,0.3104543388,-0.6968668699,0.3737620711,0.5275382400,0.0000000000
1649866376115,0.3452491462,-0.6785479784,0.5310347676,0.3719916344,0.0000000000
1649866376313,0.3638019860,-0.5768237114,0.6878413558,0.2485895306,0.0000000000
1649866376509,0.3800436556,-0.4435431361,0.7965391278,0.1560824662,0.0000000000
1649866376706,0.3936837316,-0.3005413115,0.8532006741,0.1635133028,0.0000000000
1649866376906,0.4515922964,-0.1515718549,0.8435848951,0.2479009926,0.0000000000
1649866377101,0.4801057577,-0.0439564511,0.7805146575,0.3979487419,0.0000000000
1649866377297,0.4146032631,0.0388630778,0.7081134915,0.5702359676,0.0000000000
1649866377494,0.3386313021,0.0624234155,0.5922759175,0.7284513712,0.0000000000
1649866377690,0.2561488152,-0.0014154912,0.4617736340,0.8492060304,0.0000000000
1649866377891,0.2403818369,-0.3393870890,0.3491526544,0.8397174478,0.0000000000
1649866378090,0.2752396762,-0.6526292562,0.3775792420,0.5964495540,0.0000000000
1649866378287,0.3108576834,-0.6946228743,0.5213525891,0.3860803843,0.0000000000
1649866378481,0.3825540245,-0.6231153607,0.6467286348,0.2170754373,0.0000000000
1649866378678,0.4230856597,-0.4934700131,0.7486508489,0.1304137856,0.0000000000
1649866378872,0.4446401894,-0.3452572823,0.8138977885,0.1437458098,0.0000000000
