1649864323376,4.8854179382,-3.3325409889,0.5664386749
1649864323567,1.9568867683,-4.7376990318,-2.3557457924
1649864323771,2.5957622528,-5.3417415619,-3.7886350155
1649864323968,0.8456201553,-4.2779726982,-2.5337810516
1649864324158,0.1291904449,-3.0559015274,-3.8077929020
1649864324356,-1.3316068649,-4.6040239334,-3.7344996929
1649864324553,-3.3053092957,-4.2701168060,-1.0235362053
1649864324751,-4.8581295013,-2.0306274891,6.3227581978
1649864324945,2.3734002113,-1.0345754623,6.9921898842
1649864325142,5.1636891365,-2.8879280090,2.2491750717
1649864325346,3.7374978065,-4.6562910080,-0.8330311775
1649864325541,3.7511062622,-6.0192899704,-3.7183811665
1649864325741,1.4245767593,-5.4795751572,-3.0336174965
1649864325939,-1.3778772354,-4.3964300156,-2.3351125717
1649864326129,-1.3720579147,-3.9080502987,-4.2588052750
1649864326332,-1.6776652336,-5.1655430794,-3.0525493622
1649864326523,-5.5527977943,-3.0252716541,1.9374408722
1649864326725,-1.5151433945,-1.8077154160,8.0785064697
1649864326923,5.5588974953,-2.8222775459,4.7310638428
1649864327114,3.9102039337,-4.8004012108,1.7605266571
1649864327317,3.3297739029,-7.0046405792,-2.8628358841
1649864327514,1.7870445251,-6.2134118080,-4.1136040688
1649864327711,1.2140064240,-4.0270276070,-2.2659113407
1649864327909,-0.7547359467,-3.6997098923,-2.5771608353
1649864328098,-1.7119679451,-4.4047842026,-1.6501312256
1649864328299,-4.4848766327,-4.2221879959,1.0437114239
1649864328496,-1.3052444458,-2.1108932495,7.1773285866
1649864328696,4.0747971535,-1.9114271402,6.2108335495
1649864328894,4.3612761497,-2.3905501366,1.9553408623
1649864329085,3.1319613457,-4.9124546051,-0.8292704821
1649864329288,3.4135122299,-6.0497455597,-3.0578424931
1649864329482,1.7163753510,-4.7850995064,-3.0468637943
1649864329676,-1.1311683655,-4.6286087036,-5.4600830078
1649864329879,-1.0407843590,-4.7243094444,-3.1828403473
1649864330076,-4.4650077820,-4.1988124847,-0.6031618118
1649864330267,-4.1792325974,-2.6011190414,6.4594159126
1649864330464,4.1686019897,-2.8069629669,5.6315832138
1649864330660,6.7739481926,-3.7562088966,2.1528649330
1649864330865,2.5367083549,-5.5261054039,-0.7759056091
1649864331062,4.5256004333,-6.7719225883,-3.2051160336
1649864331255,1.2410345078,-5.5767078400,-3.3148565292
1649864331454,-0.3936281204,-4.2380905151,-2.9222023487
1649864331645,-2.4586534500,-3.7782506943,-3.1613488197
1649864331850,-5.2360844612,-3.9487595558,1.1469359398
1649864332043,-3.2007932663,-2.0213825703,6.0836248398
1649864332242,2.6875038147,-2.0459625721,6.2125735283
1649864332440,4.1887960434,-2.9010605812,3.6462516785
1649864332630,3.1575875282,-4.9831237793,-0.4108766317
1649864332833,4.6015090942,-5.0762186050,-2.3455774784
1649864333032,1.8718032837,-4.7767047882,-1.9822952747
1649864333223,-0.8102712631,-4.1509695053,-4.3277516365
1649864333425,-1.5999150276,-4.2350578308,-3.0408940315
1649864333619,-4.0757732391,-3.4986193180,0.9662568569
1649864333819,-2.5167617798,-2.2357420921,6.2234988213
1649864334014,4.4128684998,-1.5778200626,7.6970815659
1649864334207,4.2095870972,-2.9845581055,3.6192820072
1649864334410,4.1029710770,-5.1842021942,-1.4229904413
1649864334605,4.2869958878,-5.5491790771,-2.9074265957
1649864334804,1.2480077744,-5.0352401733,-2.3104400635
1649864335002,1.0071525574,-3.7576336861,-4.6434583664
1649864335192,-3.4378108978,-4.6112327576,-4.1931624413
1649864335391,-4.5313596725,-3.3252029419,1.0684828758
1649864335594,-1.6246271133,-1.6784019470,7.1919493675
1649864335787,2.8812179565,-2.2058582306,5.8324956894
1649864335988,5.0177149773,-2.5962967873,3.0266618729
1649864336177,3.4961466789,-3.3201432228,-0.8447662592
1649864336380,3.4010019302,-4.5110559464,-1.0694656372
1649864336574,1.2173566818,-4.8105363846,-2.7021377087
1649864336772,1.1610674858,-3.3624424934,-3.5545163155
1649864336969,-0.6668457985,-3.2755103111,-4.4417438507
1649864337161,-2.8760509491,-3.4170188904,-0.6042313576
1649864337365,-4.0689992905,-2.3392143250,5.5198578835
1649864337564,0.3650112152,-1.4870775938,7.6403427124
1649864337759,3.6994590759,-2.9739661217,4.7459888458
1649864337957,3.6903247833,-3.3776898384,0.5439509153
1649864338152,4.8713407516,-5.0762434006,-1.2598049641
1649864338350,1.6506500244,-5.5242929459,-2.0879774094
1649864338549,-0.2580709457,-3.9458510876,-3.8158168793
1649864338740,-0.0538010597,-3.8006591797,-3.7630338669
1649864338939,-3.4716582298,-4.0779705048,-1.4076600075
1649864339134,-4.0720491409,-3.2852318287,6.2433886528
1649864339336,1.9140748978,-1.3155217171,7.3313274384
1649864339533,3.2874131203,-2.2848467827,3.3182342052
1649864339722,4.9482717514,-4.1829237938,1.1083478928
1649864339925,5.2486190796,-5.5429282188,-1.5333292484
1649864340117,2.2294588089,-5.8835868835,-2.6173772812
1649864340322,1.0975475311,-4.6241588593,-4.6782803535
1649864340514,-1.2118468285,-4.5581765175,-3.4966192245
1649864340709,-4.7615442276,-3.5542001724,-2.2514777184
1649864340905,-5.2648553848,-1.7770569324,6.7832889557
1649864341110,2.6426658630,-2.1036720276,5.8523044586
1649864341302,4.1295633316,-3.0307588577,4.0102100372
1649864341504,4.9198322296,-5.5083012581,1.5224795341
1649864341695,5.3187522888,-7.1023411751,-3.5624289513
1649864341898,1.3348855972,-6.8823428154,-3.1123175621
1649864342092,-1.6854820251,-4.2916746140,-4.4306478500
1649864342290,-2.5539541245,-3.6581988335,-4.2675762177
1649864342488,-5.0991401672,-4.4019131660,0.4861640930
1649864342683,-2.5887794495,-2.5592341423,7.5264167786
1649864342883,2.6091098785,-2.8557889462,5.8238811493
1649864343074,5.9560017586,-4.0224533081,3.7950546741
1649864343273,5.3560423851,-6.7171220779,0.7422273159
1649864343474,3.4314422607,-9.2640228271,-1.8333649635
1649864343668,-1.0101184845,-5.2550964355,-4.3352003098
1649864343868,-0.5588836670,-2.9500517845,-4.7865276337
1649864344066,-2.5104484558,-5.0500907898,-3.7822008133
1649864344256,-4.7155451775,-4.3601765633,1.7467489243
1649864344456,-1.4335393906,-2.6312797070,8.7288446426
1649864344652,4.3337521553,-2.8801813126,5.7640504837
1649864344854,5.2728767395,-4.3991413116,2.5537996292
1649864345050,5.3715066910,-6.5495200157,-0.1160795689
1649864345241,1.4215192795,-7.4648628235,-1.6253020763
1649864345444,-0.9622688293,-4.3219475746,-3.9232597351
1649864345641,0.4525623322,-3.1279358864,-4.2822184563
1649864345839,-2.6661596298,-3.9784111977,-4.4209666252
1649864346036,-4.6829519272,-4.0169649124,1.5277581215
1649864346226,-0.0658941269,-2.8449714184,7.8239245415
1649864346425,4.3895654678,-2.5198683739,6.4928197861
1649864346624,4.9432821274,-4.2391438484,3.0941715240
1649864346823,5.2875261307,-7.1252365112,-1.0418492556
1649864347020,1.8809690475,-7.8223485947,-2.9410309792
1649864347227,-0.8849420547,-4.2391099930,-4.2519769669
1649864347414,-1.9769139290,-3.4108943939,-4.8891148567
1649864347610,-3.1829738617,-4.6301321983,-2.3641924858
1649864347802,-4.3621673584,-2.3168866634,5.2948861122
1649864348005,1.1797895432,-1.4032317400,6.4555349350
1649864348202,3.8209710121,-2.8340003490,5.6350426674
1649864348399,4.4952578545,-4.7825741768,2.0761833191
1649864348595,4.3805541992,-6.6462945938,-1.9313313961
1649864348788,2.5742883682,-5.8637504578,-3.4953815937
1649864348990,0.8905801773,-4.8154325485,-3.0849218369
1649864349188,-1.4913735390,-3.5349898338,-3.2492582798
1649864349383,-2.6208200455,-2.9355840683,-4.1433773041
1649864349584,-4.0437316895,-3.9768593311,2.0610709190
1649864349773,-1.8366718292,-2.0241045952,7.5002999306
1649864349974,2.8214673996,-1.5376086235,5.5239286423
1649864350170,4.0150032043,-3.0644583702,3.8967308998
1649864350371,5.0818052292,-5.6462602615,0.8170582056
1649864350568,2.0782480240,-7.3112869263,-1.9765020609
1649864350762,-1.5106697083,-4.7795076370,-2.9958481789
1649864350959,-0.5207624435,-1.6907505989,-4.0146741867
1649864351154,-1.1511926651,-3.2486486435,-4.0807008743
1649864351357,-4.7049255371,-3.8996729851,0.1569356918
1649864351553,-4.4446096420,-2.3981945515,5.6490941048
1649864351745,0.6401910782,-1.8145865202,7.1193289757
1649864351948,3.7562236786,-2.6970965862,3.8509619236
1649864352143,5.8341550827,-5.4329729080,0.1512374878
1649864352338,3.4551782608,-6.0801649094,-2.2545323372
1649864352538,0.7908363342,-4.7607121468,-2.4889631271
1649864352732,-0.8973541260,-2.9656205177,-2.8001773357
1649864352932,-1.6012578011,-2.9312710762,-4.3968853951
1649864353129,-4.0718111992,-3.6574597359,-1.1178374290
1649864353319,-2.4305143356,-3.2305006981,5.5990791321
1649864353524,4.9240684509,-2.7665662766,5.3449983597
1649864353717,5.2602963448,-3.5483350754,4.5781888962
1649864353914,3.3618593216,-4.8500800133,0.9006289244
1649864354114,2.9156684875,-6.9632940292,-2.5288188457
1649864354305,2.0692043304,-5.1889610291,-3.5410752296
1649864354504,0.4337701797,-3.6569182873,-4.8683233261
1649864354703,-1.0648231506,-3.8593912125,-3.6014370918
1649864354896,-4.1483807564,-3.9721598625,-0.6387410164
1649864355094,-3.6274948120,-2.7101631165,6.3300380707
1649864355289,1.7043552399,-1.9636008739,6.8162107468
1649864355489,3.5670533180,-3.2866516113,4.4590282440
1649864355688,4.7675709724,-4.6602678299,1.9058761597
1649864355884,4.2419366837,-7.6898794174,-0.7863583565
1649864356085,0.3021078110,-6.6681628227,-3.2235581875
1649864356277,-0.1194429398,-3.8752980232,-3.7870516777
1649864356479,-1.3659763336,-3.7056808472,-5.0933423042
1649864356677,-2.9679937363,-3.5731892586,-2.1130733490
1649864356870,-3.6289930344,-3.3251385689,6.9688844681
1649864357070,3.3144960403,-2.4596288204,6.7500176430
1649864357262,4.5802984238,-3.6597433090,5.5418987274
1649864357464,5.2030439377,-5.4662175179,-0.3008449078
1649864357657,4.3621149063,-7.7122325897,-0.8404195309
1649864357851,0.5657024384,-7.0537195206,-2.1281228065
1649864358053,-0.2554202080,-3.9150354862,-5.2422943115
1649864358249,-1.9544181824,-3.8428821564,-5.0197515488
1649864358451,-4.5550265312,-3.4713640213,-1.7699780464
1649864358648,-3.7493724823,-2.7624368668,6.8622436523
1649864358837,1.6928291321,-2.8079152107,6.9309444427
1649864359040,3.7280964851,-3.5721235275,3.2440001965
1649864359237,5.4481086731,-5.2245230675,1.8087649345
1649864359434,3.4245367050,-7.5346388817,-0.3347527981
1649864359632,0.9085597992,-7.5549178123,-2.6956071854
1649864359820,-1.1989393234,-4.2790431976,-3.6228780746
1649864360026,-4.2790436745,-3.5895786285,-4.1758852005
1649864360222,-5.3901758194,-3.7030215263,-1.1251683235
1649864360420,-1.8358898163,-4.4655599594,6.5981559753
1649864360618,4.8154239655,-3.6927833557,8.9152402878
1649864360806,4.0802149773,-4.5929369926,2.9779353142
1649864361011,5.6554069519,-6.5589504242,-0.9173076153
1649864361204,0.7165803909,-7.3057255745,-1.1088454723
1649864361400,-0.6449537277,-4.8888216019,-3.3607332706
1649864361600,-1.6710214615,-2.9938540459,-4.8209056854
1649864361795,-3.2890615463,-3.7876620293,-4.2295684814
1649864361997,-5.1407060623,-3.2863748074,2.4957799911
1649864362193,-0.4228715897,-3.1334810257,7.2881741524
1649864362384,4.7319898605,-3.0113883018,6.8177967072
1649864362586,4.5385990143,-4.5506825447,1.5279179811
1649864362783,4.6623435020,-6.9050474167,-1.9735717773
1649864362980,1.7066974640,-7.0395545959,-1.7759449482
1649864363179,-0.2682237625,-5.9154729843,-3.4987678528
1649864363369,-3.9088754654,-3.7713766098,-4.7729520798
1649864363573,-3.7901620865,-3.4447298050,-2.9563183784
1649864363769,-3.6479082108,-3.2865664959,5.2437219620
1649864363966,2.8597097397,-2.7902135849,6.8793716431
1649864364162,5.3691334724,-2.3794136047,4.5151557922
1649864364354,4.0171475410,-3.4530282021,0.2553113699
1649864364552,4.1325769424,-6.7433333397,0.6095888615
1649864364755,1.3816690445,-7.2929677963,-2.6077432632
1649864364946,-2.1280307770,-4.7324056625,-4.0345568657
1649864365149,-2.9734148979,-3.2075681686,-4.1844239235
1649864365338,-3.7343115807,-4.1924037933,-2.8999838829
1649864365539,-3.8723950386,-3.2199866772,4.8729047775
1649864365740,2.8128242493,-2.2247939110,8.3841466904
1649864365932,5.2783265114,-2.0558333397,4.6012892723
1649864366129,4.0351409912,-4.4484472275,0.8016090393
1649864366323,4.1004524231,-7.6895060539,-3.4138824940
1649864366528,0.4921617508,-7.1607007980,-1.9675146341
1649864366726,-0.4059982300,-4.5376014709,-5.8574147224
1649864366919,-1.1455574036,-4.3390603065,-4.7675924301
1649864367118,-4.4588661194,-4.4142355919,-1.1939096451
1649864367309,-3.8154611588,-4.3360018730,5.4725742340
1649864367514,4.1970825195,-2.9803347588,6.6028094292
1649864367707,5.2197961807,-2.9955029488,4.1233768463
1649864367900,3.8094511032,-5.3069362640,0.1943605244
1649864368103,2.9945335388,-6.9759235382,-2.5767352581
1649864368302,0.3960313797,-6.1223831177,-2.3618447781
1649864368499,-0.5296239853,-4.4680061340,-4.3894701004
1649864368692,-2.7934541702,-4.4030132294,-4.6206626892
1649864368885,-5.6146917343,-4.0464472771,-0.5838479996
1649864369086,-1.5538616180,-4.1596913338,7.6999034882
1649864369287,5.0759544373,-3.5918331146,6.5280857086
1649864369480,4.6247611046,-4.1375622749,1.9944359064
1649864369680,5.0677046776,-5.5098628998,-0.4717350006
1649864369870,3.1005239487,-7.4131460190,-1.4813635349
1649864370075,-0.5444393158,-5.8181834221,-2.8053970337
1649864370272,-2.7372827530,-4.0881671906,-4.2293372154
1649864370464,-4.5473217964,-4.7492575645,-3.4817764759
1649864370662,-5.0019330978,-3.9926340580,4.2606964111
1649864370860,0.0089073181,-2.5704910755,7.5937542915
1649864371059,2.4911127090,-3.5999746323,6.5591297150
1649864371257,3.3508191109,-5.1175918579,1.0697016716
1649864371448,4.9830474854,-6.0835647583,0.5655479431
1649864371650,2.3829994202,-6.2361397743,-1.3607211113
1649864371847,-1.2071743011,-5.4796638489,-2.9145002365
1649864372045,-4.4628076553,-4.3623509407,-2.6534802914
1649864372243,-3.4248771667,-3.2238454819,-0.8760516644
1649864372432,-3.1362638474,-3.5035736561,6.0439734459
1649864372636,2.0826539993,-2.1705367565,7.9784364700
1649864372833,2.5154733658,-3.1227788925,3.6176970005
1649864373031,4.4903850555,-5.7933154106,1.5867328644
1649864373228,3.8775553703,-7.1552867889,-0.9317946434
1649864373418,0.6173400879,-6.4269986153,-0.9872832298
1649864373617,-1.4626493454,-4.6278977394,-4.0862274170
1649864373813,-3.0551104546,-4.8562908173,-4.9516553879
1649864374012,-5.1524891853,-4.7847614288,0.1917514801
1649864374213,-2.4738006592,-3.4136130810,7.0835437775
1649864374402,3.4295263290,-2.6022109985,7.9603271484
1649864374606,6.0055470467,-3.3564743996,3.2870638371
1649864374804,2.7927565575,-6.0512456894,-1.2035429478
1649864375000,2.6973352432,-6.8248047829,-1.5337471962
1649864375195,-0.0150632858,-4.5990047455,-3.0856909752
1649864375393,-1.5103063583,-3.7397732735,-5.3853120804
1649864375592,-3.4973778725,-4.6500282288,-2.7209975719
1649864375789,-4.0733885765,-3.4984767437,2.7179150581
1649864375979,-1.4329233170,-1.6210764647,8.3401145935
1649864376188,1.8319873810,-1.7162020206,5.9060125351
1649864376381,3.9148826599,-3.8694396019,3.3685894012
1649864376577,3.9923729897,-5.7803745270,-0.5688405037
1649864376772,2.5663566589,-6.1195702553,-1.8381264210
1649864376964,-0.7080059052,-4.2808117867,-2.4591555595
1649864377168,-2.5845403671,-2.9179046154,-4.5619783401
1649864377364,-3.0238313675,-4.3250246048,-2.6309099197
1649864377563,-2.9240570068,-3.9792227745,3.4116947651
1649864377759,-0.1292095184,-1.8263928890,7.9122366905
1649864377950,2.8982629776,-1.5172700882,7.5627374649
1649864378153,2.8559694290,-4.3696627617,2.4514884949
1649864378350,5.1894836426,-6.3841738701,-2.1416699886
1649864378547,2.3127508163,-6.4786930084,-1.5350289345
1649864378745,-1.1562738419,-4.8636860847,-3.1506309509
1649864378935,-2.8220081329,-3.6571800709,-3.7059054375
1649864379139,-3.6639623642,-3.8537302017,-1.4875559807
1649864379335,-3.2169952393,-2.9763169289,5.0270318985
1649864379532,1.1347036362,-1.9883331060,7.5633053780
1649864379729,4.8479413986,-2.3486671448,5.3995828629
1649864379931,5.0766797066,-4.3488569260,0.4185014367
1649864380121,3.5388803482,-7.0268545151,-2.4994275570
1649864380320,1.0044994354,-5.5739927292,-4.0002927780
1649864380513,-0.5274457932,-4.5726757050,-3.1392054558
1649864380714,-3.7140913010,-4.4177598953,-4.6014995575
1649864380914,-3.8838167191,-3.7000484467,0.1113667488
1649864381108,-2.8357057571,-2.3880581856,7.0968160629
1649864381306,2.6716260910,-1.3734185696,6.0400495529
1649864381495,4.2823657990,-2.9664745331,4.3999366760
1649864381698,4.3096218109,-4.8916897774,-0.5754143000
1649864381898,3.4342164993,-6.3340415955,-2.7361142635
1649864382091,1.3289785385,-5.5633578300,-1.6986830235
1649864382290,-1.3126497269,-3.1517601013,-4.3190879822
1649864382481,-3.1714706421,-3.5042581558,-4.7917451859
1649864382683,-3.3992061615,-3.9646427631,1.3850979805
1649864382883,-1.3080205917,-2.0912644863,6.0347857475
1649864383077,2.3829813004,-1.2813074589,6.9978837967
