1649866248056,-0.7295227051,0.0884552002,-2.0312652588
1649866248255,-1.3084411621,-0.0276031494,-1.7323608398
1649866248459,-1.5878601074,-0.6788482666,-0.8918762207
1649866248653,-1.4013519287,-3.8760223389,0.7979736328
1649866248851,0.4312438965,-3.5817718506,1.6753082275
1649866249045,1.6744842529,-0.3707885742,1.0959625244
1649866249244,2.0598297119,0.4074554443,0.7149505615
1649866249438,2.0881195068,0.6401977539,0.1759185791
1649866249636,1.6134033203,-0.2810516357,-1.0169677734
1649866249837,1.1127319336,0.0435638428,-1.8802032471
1649866250035,0.1339416504,0.0949401855,-2.2218017578
1649866250232,-0.7564544678,-0.2264404297,-2.1418914795
1649866250426,-1.3309326172,-0.3818511963,-1.4118347168
1649866250617,-1.6066131592,-1.9069976807,-0.2846679688
1649866250820,-0.9340515137,-4.4344177246,1.3617401123
1649866251018,0.9899444580,-1.9895935059,1.5668182373
1649866251217,1.8164520264,0.0411224365,1.1241760254
1649866251414,1.9965972900,0.1793518066,0.5483093262
1649866251604,1.9327087402,0.1785736084,-0.2746429443
1649866251807,1.5604400635,-0.1626129150,-1.4101257324
1649866251997,0.6083374023,-0.2115936279,-1.9471588135
1649866252195,-0.2258605957,0.2098388672,-1.9617462158
1649866252391,-0.8148040771,0.0108184814,-1.8465423584
1649866252588,-1.2652587891,0.0625610352,-1.4990234375
1649866252785,-1.7174835205,-1.7452545166,-0.4259033203
1649866252982,-1.1111907959,-4.3929443359,1.4620513916
1649866253183,0.9089508057,-3.0330200195,1.7221527100
1649866253375,1.9144439697,-0.6605224609,0.9487915039
1649866253573,2.2120513916,0.5279235840,0.4279022217
1649866253771,1.9720458984,0.3284759521,-0.2971343994
1649866253967,1.0922088623,-0.4619903564,-1.6338348389
1649866254164,0.4962463379,0.3031768799,-2.3574066162
1649866254361,0.0286254883,0.2769165039,-2.3735961914
1649866254558,-0.7965393066,-0.3756713867,-1.9880218506
1649866254755,-1.6510162354,-1.1759185791,-1.0346984863
1649866254956,-1.6782684326,-3.4794464111,0.9232635498
1649866255149,0.1035766602,-3.4756011963,2.0393218994
1649866255350,1.4504241943,-1.0443878174,1.3848266602
1649866255550,1.9885406494,0.0766754150,0.4888763428
1649866255747,2.0414428711,0.3900451660,-0.2623748779
1649866255943,1.6535949707,-0.0601043701,-1.1116638184
1649866256133,1.1452331543,0.0280456543,-1.7457427979
1649866256338,0.2507934570,0.3486938477,-2.1695098877
1649866256534,-0.6060638428,0.3041534424,-2.1567382812
1649866256733,-1.2190704346,-0.4554595947,-1.6616210938
1649866256924,-1.6859588623,-2.0245971680,-0.4223022461
1649866257120,-1.0570678711,-4.4705810547,1.3146514893
1649866257324,0.7886047363,-2.2226409912,1.7293090820
1649866257521,1.7492065430,-0.5630340576,1.0895385742
1649866257719,2.0169372559,0.0058746338,0.3170928955
1649866257912,1.6871948242,-0.2053070068,-0.7028656006
1649866258104,1.2746124268,0.1529083252,-1.5016326904
1649866258309,0.6977691650,0.2585296631,-1.9654083252
1649866258504,-0.0105285645,0.4631652832,-2.0872192383
1649866258699,-0.7656250000,0.0821075439,-1.9837341309
1649866258898,-1.3274993896,-0.2260131836,-1.6610870361
1649866259093,-1.6769256592,-1.8913726807,-0.4421539307
1649866259291,-0.9206695557,-4.5964202881,1.3657073975
1649866259488,0.8288574219,-2.2137908936,1.5785369873
1649866259680,1.6446228027,-0.1814727783,1.0158081055
1649866259885,2.0503540039,-0.0029296875,0.3781280518
1649866260075,1.8528594971,0.1127777100,-0.4244995117
1649866260277,1.2680206299,-0.1377410889,-1.4249114990
1649866260468,0.7448730469,0.1375122070,-1.9274749756
1649866260665,-0.0690460205,0.0903015137,-2.0897827148
1649866260863,-0.7697753906,0.3138122559,-2.0707244873
1649866261060,-1.4681854248,-0.8751831055,-1.6337738037
1649866261259,-1.7756958008,-2.1773834229,-0.0873565674
1649866261453,-0.6392974854,-3.9034423828,1.6537475586
1649866261651,1.0754699707,-1.7303466797,1.4703521729
1649866261847,1.7866516113,-0.3863677979,0.9767761230
1649866262045,1.9206085205,-0.2129364014,0.3194122314
1649866262242,1.8422393799,0.3869934082,-0.3992614746
1649866262438,1.4228057861,0.0692138672,-1.1470336914
1649866262635,0.7265472412,-0.1012115479,-1.8934478760
1649866262832,-0.0372314453,0.4368896484,-2.1875915527
1649866263029,-0.8436279297,0.0976257324,-2.2139739990
1649866263230,-1.5074005127,-0.7329711914,-1.6748199463
1649866263428,-1.8592071533,-2.8067474365,-0.0427093506
1649866263620,-0.4901885986,-4.2534179688,1.5734710693
1649866263820,1.2110290527,-1.5570373535,1.3806762695
1649866264020,2.0023498535,-0.3950958252,0.8267517090
1649866264215,2.1777801514,0.3006134033,0.2035369873
1649866264408,1.8625793457,-0.3047485352,-0.7574768066
1649866264611,1.1602020264,0.1719055176,-1.5886383057
1649866264805,0.3901977539,0.4048309326,-2.0861206055
1649866265007,-0.3441925049,0.2409973145,-2.1473846436
1649866265197,-0.9516296387,-0.1706695557,-1.8376770020
1649866265398,-1.4878540039,-0.8002319336,-1.2471008301
1649866265596,-1.6879119873,-2.7061462402,0.1016998291
1649866265794,-0.4524993896,-3.6127319336,1.5074310303
1649866265993,1.0246429443,-1.4621124268,1.4651031494
1649866266182,1.6928100586,-0.4928436279,1.0073852539
1649866266384,1.9876861572,0.3855895996,0.4998779297
1649866266583,1.8412017822,-0.1554565430,-0.2822265625
1649866266778,1.5502929688,0.0389099121,-1.2491149902
1649866266976,0.9354553223,0.2424621582,-1.8000488281
1649866267166,0.0973510742,0.2049560547,-2.0627288818
1649866267367,-0.6510925293,-0.1379241943,-2.1513671875
1649866267566,-1.3472900391,-1.0083618164,-1.4974212646
1649866267766,-1.7905426025,-2.5410308838,-0.0576782227
1649866267961,-0.7955627441,-4.4385070801,1.5646820068
1649866268154,1.0347290039,-1.3284454346,1.5220336914
1649866268353,1.9391784668,-0.2420196533,0.8572235107
1649866268550,2.0554962158,0.1065979004,0.2043304443
1649866268745,1.7589111328,-0.1884460449,-0.5954742432
1649866268946,1.1714324951,-0.0481262207,-1.3671875000
1649866269153,0.3652038574,0.1898651123,-1.7882690430
1649866269341,-0.1868286133,0.3474121094,-2.0417785645
1649866269539,-0.7439422607,0.2703704834,-2.0761108398
1649866269727,-1.3424072266,-0.7599792480,-1.6496582031
1649866269933,-1.5773468018,-2.5275878906,0.0871124268
1649866270129,-0.4077148438,-4.2608642578,1.6073150635
1649866270323,1.0825042725,-2.0126800537,1.5100708008
1649866270524,1.7954406738,-0.2698669434,0.8499603271
1649866270713,2.0043029785,0.4425201416,0.2995605469
1649866270916,1.9089965820,0.4081878662,-0.2648162842
1649866271112,1.4418640137,-0.2318725586,-1.2106170654
1649866271307,0.6808471680,-0.1644439697,-1.7956542969
1649866271508,0.0883026123,0.5464935303,-2.1133728027
1649866271699,-0.4524993896,0.0644531250,-2.1747589111
1649866271902,-1.1777801514,-0.5232543945,-1.8181304932
1649866272100,-1.7775268555,-2.0303344727,-0.5048828125
1649866272294,-1.0208435059,-4.0831146240,1.4735260010
1649866272492,0.7538452148,-2.4097442627,1.5191650391
1649866272684,1.6446228027,-0.4316864014,0.8415832520
1649866272886,2.0351562500,0.1103973389,0.4354858398
1649866273085,1.8520660400,-0.1138000488,-0.2532653809
1649866273278,1.3290405273,-0.1497192383,-1.2353668213
1649866273478,0.7166442871,0.1945037842,-1.9739074707
1649866273671,0.1252593994,0.4703826904,-2.1087799072
1649866273874,-0.7728881836,0.2069702148,-1.9967498779
1649866274069,-1.3535919189,-0.1747589111,-1.7318115234
1649866274259,-1.7899932861,-1.6965026855,-0.6150207520
1649866274461,-1.2664184570,-3.6446228027,1.1509857178
1649866274655,0.3534240723,-3.1331329346,1.5432891846
1649866274856,1.4605102539,-1.1643066406,0.8438568115
1649866275055,1.8234252930,0.2289581299,0.1652984619
1649866275244,1.8516387939,0.3684844971,-0.3053741455
1649866275454,1.5444335938,-0.1293182373,-0.9672546387
1649866275644,1.0359497070,0.1600494385,-1.6016387939
1649866275841,0.3702850342,0.5324401855,-2.0176391602
1649866276038,-0.6466217041,0.0321350098,-2.1407928467
1649866276229,-1.2330017090,-0.0358428955,-1.9340820312
1649866276433,-1.6855926514,-1.1071319580,-0.9761047363
1649866276631,-1.5090484619,-3.4286804199,0.7600402832
1649866276823,0.0388336182,-3.7261810303,1.7126922607
1649866277023,1.3264160156,-1.5948486328,1.1601562500
1649866277217,2.0135803223,0.0536956787,0.5481872559
1649866277417,2.1250000000,0.4811248779,0.0175323486
1649866277613,1.8535308838,0.0596313477,-0.7622985840
1649866277807,1.2184753418,-0.1867980957,-1.5908813477
1649866278004,0.3274688721,-0.0951080322,-2.0475158691
1649866278202,-0.6299438477,-0.1583251953,-2.2252197266
1649866278403,-1.2452239990,-0.2188720703,-1.8442840576
1649866278599,-1.5946350098,-0.9902648926,-0.8781280518
1649866278791,-1.4619598389,-2.9715728760,0.6066436768
1649866278994,-0.1052703857,-3.2752990723,1.7084045410
1649866279192,0.9898223877,-1.1351013184,1.5713958740
1649866279389,1.7028350830,-0.4214935303,0.8602142334
1649866279584,2.0843200684,0.3416595459,0.1156921387
1649866279776,2.0237274170,0.0752105713,-0.4691467285
1649866279980,1.5190887451,-0.3925323486,-1.1423339844
1649866280171,0.7086486816,-0.0301666260,-1.8148345947
1649866280367,-0.1573181152,0.2995147705,-2.2125701904
1649866280563,-0.9041748047,0.1064758301,-2.1789093018
1649866280759,-1.4868164062,-0.9900970459,-1.5426330566
1649866280958,-1.8741149902,-2.8304595947,0.1888122559
1649866281154,-0.6214599609,-4.2676544189,1.7445678711
1649866281351,1.2521972656,-1.3959503174,1.5233154297
1649866281549,1.8603820801,-0.1463623047,0.7152557373
1649866281745,2.0027160645,0.1114959717,0.1385345459
1649866281944,1.8206176758,-0.5109863281,-0.6464843750
1649866282141,1.3244628906,-0.2570495605,-1.3461151123
1649866282339,0.5276489258,-0.1749420166,-2.0210571289
1649866282533,-0.3144989014,0.4635314941,-2.1267395020
1649866282730,-1.0358734131,0.1192474365,-2.1321868896
1649866282933,-1.5448455811,-0.7569732666,-1.4635162354
1649866283133,-1.7887115479,-1.1831207275,-0.1760559082
1649866283328,-1.1690979004,-4.1141967773,1.3183746338
1649866283527,0.5810394287,-3.0140228271,1.6663208008
1649866283718,1.7208557129,-0.7441558838,0.8559417725
1649866283918,2.1449737549,-0.4808044434,-0.0718994141
1649866284111,1.9492034912,-0.1200866699,-0.9675598145
1649866284307,1.3969116211,0.1457519531,-1.5805664062
1649866284511,0.5972747803,0.3401947021,-1.9297332764
1649866284700,-0.3415679932,-0.1340789795,-2.1398773193
1649866284899,-1.3292083740,0.1207122803,-1.8382263184
1649866285096,-1.7502288818,-0.5077362061,-1.3681030273
1649866285292,-1.8878479004,-1.9474334717,0.0112915039
1649866285489,-0.7603759766,-4.2479858398,1.5737152100
1649866285687,0.9797515869,-1.6753082275,1.4157409668
1649866285884,1.7730255127,-0.3944854736,0.8429870605
1649866286080,1.9562835693,0.0740356445,0.2611389160
1649866286278,1.8042449951,-0.0805053711,-0.4214477539
1649866286473,1.2694244385,-0.3753662109,-1.2795257568
1649866286671,0.5558624268,0.1473999023,-1.9516143799
1649866286868,-0.0322875977,0.2271270752,-2.1802520752
1649866287064,-0.8724670410,0.0502777100,-2.0588836670
1649866287266,-1.4446716309,-0.3569793701,-1.5020141602
1649866287465,-1.7956085205,-2.4413299561,-0.1706237793
1649866287661,-0.6723480225,-4.4568328857,1.7275390625
1649866287855,1.1282501221,-1.5486755371,1.6767120361
1649866288055,1.7890930176,-0.1853332520,0.9140319824
1649866288262,1.9978790283,0.1481475830,0.2600402832
1649866288450,1.8774871826,0.3301849365,-0.3921813965
1649866288640,1.4647827148,0.1254730225,-1.3761749268
1649866288839,0.6953277588,-0.5329742432,-1.9400634766
1649866289036,-0.3271484375,-0.0579681396,-2.2520294189
1649866289233,-1.0052032471,0.0899200439,-2.1871032715
1649866289431,-1.4047698975,-0.5330963135,-1.5274200439
1649866289626,-1.6840057373,-2.8628234863,0.2722625732
1649866289824,-0.1929321289,-4.5212249756,1.8460998535
1649866290020,1.4185943604,-1.1981506348,1.4393920898
1649866290217,1.9413146973,-0.1177062988,0.7345581055
1649866290413,2.1170654297,0.0770416260,0.1341400146
1649866290611,1.9622650146,0.2277374268,-0.5720214844
1649866290808,1.1828002930,-0.1899719238,-1.6039581299
1649866291006,0.1625823975,-0.1189880371,-2.3484344482
1649866291202,-0.6181030273,0.2009277344,-2.4002990723
1649866291400,-1.2656250000,-0.3759155273,-2.0341949463
1649866291596,-1.8272552490,-1.5288848877,-0.8403778076
1649866291792,-1.3617706299,-4.0507354736,1.1575927734
1649866291996,0.5215911865,-3.2048034668,1.7637634277
1649866292191,1.6163940430,-0.5111694336,1.0643768311
1649866292388,2.0820007324,0.1185150146,0.5680389404
1649866292585,2.2200622559,0.3624420166,0.0866851807
1649866292779,1.7421722412,0.0275573730,-0.9231414795
1649866292977,1.0091247559,-0.1879577637,-2.0012207031
1649866293180,0.1452941895,0.3606567383,-2.3654785156
1649866293373,-0.5674591064,0.1990356445,-2.3145904541
1649866293571,-1.1701507568,-0.3979034424,-1.8980407715
1649866293763,-1.7730102539,-2.1363830566,-0.5008544922
1649866293968,-0.9914550781,-4.5508575439,1.5211791992
1649866294162,0.7807922363,-2.0815277100,1.6651000977
1649866294354,1.6622161865,-0.6445770264,1.0762939453
1649866294555,2.1291656494,0.3803405762,0.4586944580
1649866294753,2.0495605469,0.1055755615,-0.1148529053
1649866294947,1.5331268311,-0.4568023682,-1.1683502197
1649866295142,0.9230499268,-0.1545410156,-1.7877807617
1649866295339,0.1992340088,0.3416595459,-2.0083007812
1649866295536,-0.6047210693,-0.0976715088,-2.0386657715
1649866295733,-1.1592712402,-0.4001770020,-1.7257690430
1649866295931,-1.6813201904,-1.9211120605,-0.6412963867
1649866296131,-0.9422302246,-4.3218994141,1.3117218018
1649866296324,0.9587249756,-2.5024871826,1.6227111816
1649866296522,1.7059478760,-0.6510009766,0.9778137207
1649866296720,1.9517669678,-0.1516723633,0.3324890137
1649866296918,1.9768066406,0.2753295898,-0.1321411133
1649866297115,1.4366760254,0.2003784180,-0.9823913574
1649866297308,0.6835327148,0.1832733154,-2.0078735352
1649866297505,-0.1768646240,0.1107635498,-2.3921661377
1649866297704,-0.7031250000,0.2270050049,-2.2476959229
1649866297902,-1.1997680664,-0.1693267822,-1.8320007324
1649866298105,-1.7375793457,-0.5424957275,-0.8705596924
1649866298300,-1.4813232422,-3.6998443604,0.8060913086
1649866298497,0.6228179932,-4.1266021729,1.6482391357
1649866298694,1.7865295410,-1.5440216064,0.7892913818
1649866298887,1.9650878906,-0.1125183105,0.1759796143
1649866299089,1.8678283691,0.0901641846,-0.2402496338
1649866299283,1.3884277344,0.2414245605,-1.1707916260
1649866299479,0.5121307373,0.2282257080,-2.0942993164
1649866299678,-0.1195678711,0.6467285156,-2.3287048340
1649866299870,-0.7639160156,0.1580352783,-2.1327972412
1649866300074,-1.1815032959,0.0558471680,-1.6869812012
1649866300270,-1.5502929688,-1.5575866699,-0.8104400635
1649866300467,-1.1788787842,-3.7256317139,0.8828887939
1649866300666,0.5909271240,-3.3360137939,1.4947967529
1649866300857,1.6860961914,-1.0105590820,0.8690795898
1649866301053,1.9764404297,-0.1864318848,0.4290161133
1649866301250,1.9364318848,0.0701293945,0.0316467285
1649866301449,1.5576324463,0.3382415771,-1.0055541992
1649866301650,0.9830474854,0.0318298340,-1.8562469482
1649866301844,0.1713256836,0.4402008057,-2.0239410400
1649866302040,-0.7015380859,0.1216278076,-2.1212463379
1649866302234,-1.2268981934,-0.1337127686,-2.1233215332
1649866302431,-1.7544403076,-1.7313232422,-1.0779418945
1649866302629,-0.9949493408,-3.9649658203,1.1040802002
1649866302825,0.6628875732,-2.5201263428,1.6600952148
