1649856187261,0.1622314453,-5.4277343750,3.0452575684
1649856187461,2.2605590820,-1.3319702148,1.4644470215
1649856187655,2.6618957520,0.8417358398,0.4962158203
1649856187859,2.5405883789,0.4917144775,-0.2995605469
1649856188053,1.8128509521,-1.8944091797,-1.9578857422
1649856188249,0.4011383057,-2.0518341064,-2.1304626465
1649856188449,-0.9441223145,-0.0453643799,-2.1101684570
1649856188643,-1.5984191895,0.1379547119,-1.9151306152
1649856188838,-1.9691619873,-0.3481750488,-1.8509826660
1649856189042,-1.7787475586,-3.0830993652,0.7448425293
1649856189231,-0.2274475098,-3.9069824219,2.6616363525
1649856189432,1.1341857910,-2.4898834229,2.1025695801
1649856189633,2.2664184570,-0.5066375732,0.8089752197
1649856189829,2.6774749756,0.6993408203,-0.0339508057
1649856190024,2.0460205078,-1.6159057617,-1.7724304199
1649856190217,0.7013092041,-2.3449859619,-2.5200042725
1649856190417,-0.9576263428,-0.0073089600,-2.0561676025
1649856190616,-1.9576721191,0.2122955322,-1.7641754150
1649856190812,-2.7613372803,0.0781555176,-1.7407836914
1649856191013,-2.1864471436,-3.5072326660,0.2675170898
1649856191203,0.2779235840,-3.3859710693,1.9207611084
1649856191408,1.6427917480,-0.8782196045,1.9108123779
1649856191604,3.7197418213,-0.5759582520,0.8571777344
1649856191798,3.6076507568,-0.0746917725,-0.2901458740
1649856191996,1.3215942383,-2.0971527100,-1.6137237549
1649856192188,-0.5028228760,-1.0882415771,-1.9041290283
1649856192394,-1.4541931152,-0.4222106934,-2.1764526367
1649856192590,-2.8831481934,0.1236572266,-2.2712554932
1649856192783,-2.7574920654,-2.8845672607,-0.2851409912
1649856192982,-0.2964172363,-4.2302551270,1.7406158447
1649856193174,1.4319152832,-2.7543334961,1.6808776855
1649856193372,2.4054565430,0.0343475342,0.9904785156
1649856193576,3.0275726318,0.0626373291,0.2056884766
1649856193766,2.2334442139,-1.8644714355,-2.0539703369
1649856193968,0.4124908447,-1.4544525146,-2.1186065674
1649856194162,-0.8587799072,-0.0083465576,-1.7394409180
1649856194361,-1.5017852783,0.7823028564,-2.0825042725
1649856194557,-2.2917633057,0.3668365479,-2.4292907715
1649856194750,-2.4061737061,-1.6047363281,-0.5792846680
1649856194955,-0.8914031982,-4.8596954346,1.6668243408
1649856195152,0.9927062988,-3.0950775146,1.8580932617
1649856195348,1.9457244873,-1.2063140869,1.0556488037
1649856195545,2.3950805664,0.5862121582,0.2450866699
1649856195737,2.2036895752,-0.5006408691,-1.1841583252
1649856195941,1.0388793945,-2.9440612793,-2.5964202881
1649856196133,-0.7196807861,-0.6974029541,-2.4192199707
1649856196330,-1.2430114746,0.4243927002,-2.1164703369
1649856196532,-1.7904205322,0.1237182617,-1.8534240723
1649856196724,-2.3627471924,-0.2468872070,-0.6489715576
1649856196924,-2.0394744873,-3.3063049316,1.3764190674
1649856197123,0.5721740723,-5.6576690674,2.4819183350
1649856197320,2.2805938721,-0.5252075195,1.5189971924
1649856197515,2.7308044434,0.8900604248,0.5393371582
1649856197719,2.6456451416,0.6138305664,0.0094146729
1649856197904,1.8246459961,-1.9257354736,-1.6310729980
1649856198107,0.4734649658,-1.4540863037,-2.0842132568
1649856198300,-0.6691741943,-0.0950927734,-2.1372985840
1649856198504,-1.3037414551,0.1501159668,-2.1099243164
1649856198696,-2.0630493164,-0.7352142334,-1.5719909668
1649856198896,-2.0977478027,-1.1687469482,-0.1896057129
1649856199095,-0.4460144043,-5.1253662109,2.1899719238
1649856199284,1.2895202637,-2.9800415039,1.9662170410
1649856199487,2.2402801514,-0.7027130127,0.6327514648
1649856199681,2.4537811279,0.9388580322,-0.1313171387
1649856199878,1.9221954346,-0.9341735840,-1.3056640625
1649856200077,0.8746795654,-2.1422882080,-2.2041320801
1649856200269,-0.1365509033,-0.2167816162,-2.1429748535
1649856200473,-0.7373352051,1.0871887207,-2.0252685547
1649856200670,-1.3796081543,0.0372161865,-2.3820800781
1649856200864,-2.1290893555,-1.2017364502,-1.4255065918
1649856201061,-1.6176605225,-5.1421051025,1.5655975342
1649856201254,0.9144439697,-4.2645263672,2.2470855713
1649856201456,2.4545135498,-0.5759582520,0.8868103027
1649856201653,2.7491302490,1.1082611084,0.4352569580
1649856201852,2.2867736816,-0.7858581543,-0.4147033691
1649856202048,0.6620941162,-2.3378295898,-2.1516571045
1649856202239,-0.4364776611,-0.5332031250,-2.1413879395
1649856202445,-0.9061279297,0.3739318848,-1.9822540283
1649856202641,-1.2841949463,0.2960510254,-1.9108428955
1649856202835,-2.0701904297,-0.3617248535,-1.3962554932
1649856203031,-2.3637847900,-1.8933105469,0.1306762695
1649856203234,-0.5325164795,-5.8414764404,2.0425720215
1649856203429,1.6648406982,-2.3041839600,1.5460662842
1649856203628,2.5233612061,-0.5074310303,0.6709289551
1649856203818,2.6357574463,0.8667755127,0.3347625732
1649856204022,1.9388732910,-0.7091369629,-1.2652740479
1649856204216,0.8258056641,-1.2338714600,-2.4573364258
1649856204412,0.4645996094,0.4893951416,-2.0840301514
1649856204609,-0.6748504639,0.0746154785,-2.1519012451
1649856204801,-1.4624328613,0.1898193359,-2.6669311523
1649856205001,-1.9403228760,-1.7271575928,-1.0409088135
1649856205204,-1.5649414062,-5.0195007324,1.5549774170
1649856205398,0.9046783447,-4.2915191650,2.1324920654
1649856205596,2.5414428711,-0.2523956299,0.8325042725
1649856205787,3.0012969971,1.0310363770,0.5442962646
1649856205991,2.0812072754,-1.8443145752,-1.2916717529
1649856206187,0.4815826416,-1.8212890625,-2.2495117188
1649856206383,-0.6193237305,-0.3083496094,-2.1801147461
1649856206582,-1.0063018799,0.0991668701,-2.1074218750
1649856206779,-1.8716583252,-0.4723052979,-1.7466430664
1649856206976,-2.4127197266,-1.0796203613,-0.5342559814
1649856207173,-1.0428314209,-4.4482116699,1.6772155762
1649856207365,1.1430969238,-2.7812652588,2.1767272949
1649856207565,2.2254943848,-0.7712097168,1.6730651855
1649856207766,2.3846893311,0.4380187988,0.8413543701
1649856207959,2.4710083008,0.1516418457,-0.5677337646
1649856208156,1.6447448730,-2.5995330811,-1.9811553955
1649856208349,0.1142120361,-0.4055938721,-2.0621643066
1649856208550,-0.7836456299,0.5022125244,-1.9775543213
1649856208753,-1.6211395264,0.2660522461,-2.2066345215
1649856208945,-1.7538299561,-1.4624023438,-1.8233184814
1649856209144,-1.4909667969,-3.6460723877,1.2612152100
1649856209335,0.0375518799,-3.5505981445,2.3114166260
1649856209535,1.3869018555,-1.5997772217,1.8987731934
1649856209734,2.0039367676,-0.6287384033,0.8277282715
1649856209930,2.1328887939,0.6215209961,-0.0009002686
1649856210130,2.0421752930,-1.0147552490,-1.1307067871
1649856210322,1.0327148438,-2.8592224121,-2.3467712402
1649856210526,-0.3669738770,0.1839599609,-2.3343658447
1649856210721,-0.5149230957,0.8532867432,-2.2270965576
1649856210916,-0.9344635010,0.3285369873,-2.4468841553
1649856211118,-1.6920623779,0.1901855469,-2.1837310791
1649856211309,-1.9909057617,-2.2196350098,-0.5784759521
1649856211509,-0.7986755371,-5.1594543457,2.1803283691
1649856211709,0.5903167725,-2.9108886719,2.4579010010
1649856211903,2.1167602539,-1.4715576172,1.4809417725
1649856212103,2.3405914307,0.3488311768,0.1971435547
1649856212299,2.0109558105,-1.0933685303,-0.9497070312
1649856212493,0.9758453369,-2.7700958252,-2.2535400391
1649856212693,-0.0897521973,0.9830932617,-2.2245941162
1649856212884,-0.6588439941,-0.0305175781,-2.1702270508
1649856213087,-1.0819854736,0.6578063965,-2.5694885254
1649856213281,-1.3266448975,-0.1982727051,-2.1809692383
1649856213477,-1.7337951660,-2.1596984863,-0.3540496826
1649856213678,-0.7604370117,-5.3284149170,2.1691436768
1649856213869,1.3273925781,-4.3063659668,2.3001098633
1649856214069,2.3413848877,-0.6704101562,1.1084289551
1649856214269,2.3975219727,0.7603149414,0.2444152832
1649856214464,1.8251342773,-0.6305236816,-0.8324737549
1649856214663,0.7118225098,-0.8343048096,-2.1944122314
1649856214857,0.4611816406,0.0382690430,-2.3739471436
1649856215055,-0.0862731934,-0.0488433838,-2.3853149414
1649856215257,-0.7849884033,0.5256805420,-2.4835968018
1649856215453,-0.9581604004,0.6080169678,-2.2006378174
1649856215649,-1.2603607178,-1.3330688477,-0.7702331543
1649856215842,-1.1816864014,-4.8292083740,1.6080017090
1649856216045,0.3406677246,-4.8028869629,2.3998718262
1649856216239,2.2128448486,-1.5138397217,1.0853424072
1649856216432,2.5708160400,0.9232940674,0.1259613037
1649856216631,2.2684936523,0.1477355957,-0.4245452881
1649856216832,1.5374145508,-1.4478607178,-1.4605102539
1649856217028,0.3085937500,-0.2492675781,-1.8938598633
1649856217226,-0.4461975098,0.6901092529,-2.2873840332
1649856217416,-0.9380035400,0.2719116211,-2.6797485352
1649856217616,-1.5538330078,-0.2005767822,-2.6029663086
1649856217816,-1.8648223877,-2.3686828613,-0.6671752930
1649856218016,-0.5918884277,-5.0406341553,1.7007293701
1649856218212,1.1927032471,-2.7228698730,1.6174011230
1649856218402,2.1488342285,-0.5505523682,1.0605468750
1649856218605,2.4417419434,0.6539001465,0.4871826172
1649856218803,1.9666137695,-1.6263580322,-0.7255096436
1649856218994,0.6539154053,-1.9318542480,-2.0078582764
1649856219196,-0.2292785645,0.2225646973,-2.4071807861
1649856219387,-0.4108886719,0.6093597412,-2.2324676514
1649856219590,-1.3419189453,0.0212860107,-1.8405914307
1649856219788,-1.8687896729,0.1441955566,-2.0602111816
1649856219984,-2.0106964111,-2.7045440674,-0.3229522705
1649856220183,-0.7223815918,-5.0125885010,2.1291351318
1649856220388,1.3245849609,-3.5513305664,1.8805694580
1649856220577,2.1417999268,-0.2322845459,0.9706268311
1649856220773,2.3149871826,0.8234100342,0.4573059082
1649856220969,2.0207977295,-0.7207489014,-0.6318664551
1649856221170,0.9477996826,-2.0314178467,-2.0821380615
1649856221368,0.0071868896,-0.7647857666,-2.2316131592
1649856221564,-0.2452239990,1.2820434570,-2.1893463135
1649856221760,-0.6422271729,0.4319610596,-2.4336853027
1649856221951,-1.5275573730,0.2548675537,-2.3854370117
1649856222154,-2.0728759766,-2.7684936523,-0.3329772949
1649856222351,-0.8056945801,-4.0975036621,2.0663299561
1649856222544,0.6176910400,-2.9503631592,1.8772735596
1649856222743,1.6112060547,-0.9311218262,1.2740325928
1649856222936,2.1702117920,0.5152282715,0.6778259277
1649856223140,1.9573211670,-0.3572692871,-0.7036437988
1649856223338,1.0950775146,-0.6365051270,-2.1732177734
1649856223529,0.2919158936,0.0890350342,-2.0929412842
1649856223729,-0.5697174072,0.6764373779,-1.9909973145
1649856223920,-0.6558532715,1.7367858887,-2.2672271729
1649856224125,-0.8306274414,-0.9963073730,-2.4977111816
1649856224321,-1.3611602783,-6.4543762207,0.7610321045
1649856224519,0.9112091064,-4.2970886230,2.0056762695
1649856224712,1.9720458984,-0.5512237549,1.1896209717
1649856224908,2.3917694092,0.3483428955,0.5031127930
1649856225109,2.2754669189,0.3294067383,-0.4075622559
1649856225303,1.5610504150,-1.3842620850,-2.0725402832
1649856225500,0.1747436523,-0.0923461914,-2.2770690918
1649856225699,-0.1410064697,0.8675842285,-2.0710754395
1649856225893,0.0319213867,1.0052032471,-2.4666137695
1649856226097,-0.6859588623,0.4865112305,-2.4020538330
1649856226293,-1.7185211182,-1.4746704102,-1.2519073486
1649856226484,-1.5480194092,-5.8871765137,1.3362884521
1649856226686,0.2868347168,-3.2553710938,2.3023834229
1649856226885,1.4048614502,-2.4846343994,1.6809997559
1649856227081,1.4837799072,-0.4686431885,0.7908477783
1649856227279,1.0120697021,-2.2951354980,-0.9516601562
1649856227470,0.2170715332,1.1213989258,-1.9190368652
1649856227672,1.0652770996,1.1262207031,-2.2803039551
1649856227865,1.1898345947,0.6065521240,-2.2588653564
1649856228061,0.3834838867,0.2402191162,-1.9570312500
1649856228258,-0.4051513672,0.7608642578,-2.1486053467
1649856228456,-1.1240844727,-0.1929473877,-2.0464019775
1649856228652,-1.7647552490,-3.7070465088,-0.2245483398
1649856228849,-0.8995208740,-4.7842559814,2.2200927734
1649856229045,1.1030273438,-2.7347717285,2.0696411133
1649856229243,2.1036376953,-0.3101806641,1.0039062500
1649856229442,2.0736999512,1.0006866455,0.6768493652
1649856229636,1.6799926758,-1.2327728271,-0.7780456543
1649856229834,0.9434661865,-1.4059600830,-2.2065734863
1649856230032,0.8283691406,0.8378295898,-2.0274047852
1649856230228,0.3365631104,1.2358093262,-1.9959411621
1649856230427,-0.3449096680,1.1385650635,-2.3326568604
1649856230623,-0.4758911133,0.3425445557,-2.4952087402
1649856230825,-1.4832763672,-4.6355590820,-0.8874053955
1649856231018,-0.9116210938,-6.4522247314,1.8679962158
1649856231219,1.3612976074,-3.2272644043,1.8855743408
1649856231415,2.1369781494,-0.3614196777,0.9497222900
1649856231614,2.4845733643,0.5690460205,-0.0997467041
1649856231810,2.1493835449,-0.2862854004,-1.1654052734
1649856232003,1.0465240479,-2.2937316895,-2.1812133789
1649856232207,-0.2986145020,-0.5621032715,-2.2975311279
1649856232403,-0.2981262207,1.0340423584,-2.2660064697
1649856232598,-0.8142547607,-0.0295410156,-2.3282012939
1649856232794,-1.7582244873,0.3920745850,-1.7899017334
1649856232987,-2.2455749512,-2.7990417480,-0.2180023193
1649856233188,-0.8276824951,-4.7913360596,2.3456878662
1649856233386,1.2164611816,-2.6680145264,2.1060485840
1649856233583,2.2866973877,0.0563507080,1.3629760742
1649856233780,2.4753417969,-0.0414581299,0.1434478760
1649856233974,1.8332519531,-2.8249511719,-1.5910644531
1649856234175,0.0231933594,-1.0168304443,-2.0760955811
1649856234373,-0.7490081787,1.2760620117,-1.9594116211
1649856234568,-0.7891998291,1.4458312988,-2.5774841309
1649856234767,-1.0006866455,0.4740600586,-2.8371734619
1649856234961,-1.5500946045,-1.9793701172,-1.3186798096
1649856235163,-1.2295227051,-5.2437438965,1.3830871582
1649856235359,0.4240417480,-3.8708190918,1.8696289062
1649856235549,1.6586151123,-0.3405303955,1.5649414062
1649856235755,2.4060668945,0.3977508545,1.0364685059
1649856235950,2.2825012207,-0.5170745850,0.1279296875
1649856236145,1.6272125244,-2.5082702637,-1.4821929932
1649856236345,0.4497528076,-0.6768798828,-1.9504394531
1649856236536,-0.2562255859,0.7417297363,-2.0693664551
1649856236738,-0.7257995605,0.7496795654,-2.4158630371
1649856236935,-1.3388061523,-0.3730926514,-2.3765716553
1649856237134,-2.0562133789,-1.7180480957,-1.1625213623
1649856237331,-1.3945770264,-5.1562652588,1.3406219482
1649856237521,0.2346801758,-2.6328887939,1.9048309326
1649856237725,1.7191467285,-0.8437042236,1.6010894775
1649856237921,2.4642181396,0.1286163330,0.7290191650
1649856238113,2.4253692627,0.2203063965,0.2345275879
1649856238316,1.8502349854,-3.5074768066,-1.6621093750
1649856238507,0.3421173096,-1.0420074463,-2.2900695801
1649856238706,-0.2590332031,0.4062500000,-2.0897064209
1649856238904,-1.1032562256,0.6289062500,-2.4641723633
1649856239102,-1.6443634033,0.3024597168,-2.0678405762
1649856239300,-2.2182159424,-1.0881805420,-1.1005249023
1649856239500,-1.5292663574,-5.2248077393,1.1311035156
1649856239692,0.5244750977,-4.8203582764,1.8653717041
1649856239891,1.9665527344,-0.3244171143,1.2632293701
1649856240082,2.5108947754,1.2162628174,1.1721496582
1649856240288,2.1707611084,0.5637359619,0.2959747314
1649856240484,1.6969146729,-2.0037536621,-1.2446899414
1649856240681,0.7198791504,-0.5451202393,-2.0770721436
1649856240871,0.1534271240,1.1229248047,-1.9743194580
1649856241069,0.0393829346,0.0764465332,-2.0553741455
1649856241265,-0.2400817871,0.9826049805,-2.2297821045
1649856241465,-1.0439910889,-0.6250152588,-1.8741455078
1649856241659,-1.9786224365,-4.7323913574,0.4085083008
1649856241857,-0.1915893555,-4.7554779053,2.4572296143
1649856242053,1.1902618408,-1.0724792480,1.8881530762
1649856242253,1.8388214111,0.2396697998,1.1113586426
1649856242448,2.1347198486,-0.0719451904,0.2881622314
1649856242647,1.7181701660,-3.0072937012,-1.3672332764
1649856242842,0.2792663574,-1.3570861816,-2.1050415039
1649856243039,0.1302795410,1.7693328857,-2.4465179443
1649856243235,-0.1959838867,0.7652587891,-2.7137145996
1649856243433,-0.9206542969,0.4635467529,-2.6620941162
1649856243633,-2.0063018799,-1.8081512451,-1.4497070312
1649856243831,-1.5752716064,-6.4880828857,1.4266357422
1649856244025,1.1685028076,-4.6833343506,2.1556396484
1649856244227,2.1824340820,-0.2023010254,1.0742187500
1649856244426,2.6039276123,0.8400268555,0.3634185791
1649856244618,2.3200531006,-1.1851196289,-1.2659606934
1649856244819,1.2469482422,-0.7504272461,-2.1580047607
1649856245010,0.2191619873,-0.7030944824,-2.1040039062
1649856245218,-0.1852264404,1.2479095459,-2.3093261719
1649856245411,-0.3631744385,0.7640991211,-2.6713256836
1649856245602,-1.3099060059,-0.5589752197,-2.1702880859
1649856245807,-1.9875488281,-5.8925476074,0.6660461426
1649856246002,0.2809753418,-6.1007995605,1.9326171875
1649856246200,1.8999023438,-0.7862854004,1.3377532959
1649856246397,2.3596496582,1.5466766357,1.1152038574
