1649863406510,-0.1198120117,0.1634216309,0.1698760986
1649863406710,0.2027130127,0.5024414062,-0.0391540527
1649863406903,0.1227569580,-0.5647430420,-0.1371459961
1649863407104,-0.0077209473,0.1973876953,-0.0212554932
1649863407294,-0.0652008057,0.3154602051,0.0132446289
1649863407497,-0.0979461670,-0.2214965820,0.0636444092
1649863407695,-0.1020965576,-0.8698730469,0.1859436035
1649863407888,-0.0158996582,0.1751403809,0.1985321045
1649863408084,0.1937408447,0.9302368164,-0.0351257324
1649863408286,0.0708312988,0.0531463623,-0.0657958984
1649863408482,-0.0532226562,-0.3303527832,0.0621185303
1649863408675,-0.0835876465,-0.0630340576,0.1320037842
1649863408871,0.1426086426,0.9621276855,0.0006103516
1649863409074,0.7554321289,-0.0182495117,-0.2027435303
1649863409270,1.2705841064,-0.5027313232,-0.4081268311
1649863409469,-0.3598937988,1.1010437012,-1.5784301758
1649863409663,-1.7098999023,0.5299377441,-1.6580810547
1649863409857,-1.7064819336,-2.7109069824,0.2638244629
1649863410060,-0.0507202148,-3.3547668457,1.7957763672
1649863410256,2.0424804688,0.4739227295,1.4860534668
1649863410454,2.8142547607,0.6442871094,0.4762268066
1649863410652,1.7897033691,-0.6123809814,-1.3034057617
1649863410842,0.2999725342,0.3703155518,-2.0133666992
1649863411045,-1.2986755371,0.6034240723,-2.6832427979
1649863411237,-2.1761779785,-0.9373626709,-1.6699981689
1649863411435,-1.0464324951,-3.1419372559,1.2122650146
1649863411633,1.1034545898,-2.5112762451,2.2335205078
1649863411826,2.9015502930,0.2797241211,1.0948028564
1649863412027,2.3731994629,-0.0048217773,-1.1421966553
1649863412223,0.7574462891,-0.0613250732,-2.2357177734
1649863412417,-1.0989074707,0.8543090820,-2.8571014404
1649863412620,-2.5906677246,-1.6723632812,-1.7463531494
1649863412817,-1.3648834229,-4.4765014648,1.4395141602
1649863413013,1.5580596924,-1.4109802246,1.8516693115
1649863413213,3.1574401855,0.9273681641,1.1624755859
1649863413402,2.3497467041,-0.8398132324,-0.9976806641
1649863413607,0.5972900391,0.2924346924,-2.1434173584
1649863413804,-0.3099822998,0.4385528564,-2.8632812500
1649863413996,-2.3469848633,-1.1024322510,-1.9704742432
1649863414196,-2.0106353760,-4.8655090332,1.1683502197
1649863414389,1.0088348389,-1.9342498779,2.0207519531
1649863414589,3.2815704346,0.9645690918,1.0863647461
1649863414783,2.8712463379,-0.6107940674,-0.6738586426
1649863414980,1.2641601562,0.0990905762,-1.8853302002
1649863415180,-0.2939758301,0.4523010254,-2.8779296875
1649863415372,-2.3847961426,-0.9139709473,-2.4253997803
1649863415576,-2.2801513672,-5.3073577881,1.1809844971
1649863415769,1.3272094727,-2.2439575195,1.8704833984
1649863415969,3.2994079590,0.5084381104,0.9338836670
1649863416166,2.4686279297,-0.2305297852,-1.0105590820
1649863416357,0.9736938477,0.3896179199,-2.4728698730
1649863416561,-0.9261016846,0.0871124268,-3.0713348389
1649863416760,-2.7105102539,-1.9947814941,-1.3500213623
1649863416954,-1.2718505859,-4.8192138672,1.8614349365
1649863417152,1.9540863037,-0.8903961182,1.9083557129
1649863417351,3.4954376221,0.4796600342,0.6937561035
1649863417548,2.6022186279,-0.3151397705,-1.2378692627
1649863417745,0.9124908447,0.2221832275,-2.1948547363
1649863417934,-1.2125396729,-0.2141113281,-2.9346771240
1649863418137,-3.0352478027,-1.8959503174,-1.1634674072
1649863418333,-1.2583007812,-4.2913513184,1.7109222412
1649863418532,2.0955657959,-0.4763488770,2.0420684814
1649863418728,2.9646453857,-0.2208862305,0.5032958984
1649863418920,2.1917114258,-0.1057281494,-1.7896575928
1649863419118,0.7077331543,0.1793518066,-2.6636352539
1649863419316,-1.9185180664,-0.7933807373,-2.4102478027
1649863419516,-3.1000061035,-3.1968536377,0.1754302979
1649863419716,-0.0924530029,-2.5087738037,2.0316925049
1649863419904,2.9113159180,0.2191925049,1.5311431885
1649863420108,3.0766906738,-0.0179443359,-0.0372009277
1649863420304,1.5826721191,0.2788696289,-1.7045135498
1649863420498,0.0401000977,0.4405059814,-2.9414062500
1649863420698,-2.0128936768,-1.7205657959,-2.3355407715
1649863420890,-2.0928039551,-4.0043029785,0.9453735352
1649863421092,0.8913574219,-2.2458496094,2.4398040771
1649863421290,3.2568817139,0.5672607422,1.5432281494
1649863421481,3.0358734131,-0.1269836426,-0.5857696533
1649863421685,1.0902557373,0.3246307373,-2.1349334717
1649863421888,-0.9262847900,-0.6186218262,-2.9040832520
1649863422078,-2.5246887207,-1.8388366699,-1.7571105957
1649863422276,-1.7070312500,-3.0819549561,1.3012084961
1649863422466,1.4481658936,-1.6222839355,2.1785430908
1649863422668,3.3282318115,0.8235778809,1.5090179443
1649863422868,2.7240905762,-0.1618652344,-0.8523406982
1649863423061,0.8294067383,-0.1201477051,-2.2010192871
1649863423260,-1.3073425293,-1.0581970215,-3.0205078125
1649863423450,-2.6099700928,-2.6730346680,-0.3814849854
1649863423656,-0.6495666504,-3.3763885498,2.4792022705
1649863423850,2.4231719971,-0.1134338379,1.7958374023
1649863424045,3.0830993652,0.6268157959,0.2558288574
1649863424245,2.0308685303,-0.2089691162,-1.8372497559
1649863424438,0.2346801758,0.2666473389,-3.0406646729
1649863424636,-2.2135620117,-2.1224517822,-2.2590637207
1649863424835,-2.1885833740,-4.4109039307,1.5500793457
1649863425036,1.5528717041,-0.9391479492,2.1269836426
1649863425232,3.2174835205,0.7729949951,1.2039642334
1649863425424,2.7933654785,-0.0001831055,-0.7572937012
1649863425621,0.7136535645,0.5069122314,-2.2907562256
1649863425823,-1.4969024658,-1.3498382568,-3.1020050049
1649863426015,-2.6563873291,-4.7844543457,0.5918731689
1649863426217,0.4701080322,-1.4109802246,1.9186706543
1649863426414,2.7900695801,0.9957885742,1.2051239014
1649863426609,3.0090026855,0.3503417969,-0.5284576416
1649863426806,1.8887176514,0.4796600342,-1.6917419434
1649863426997,-0.8067932129,-0.1770782471,-2.5514831543
1649863427199,-2.2940216064,-2.1577606201,-1.4212493896
1649863427399,-1.3430175781,-4.2404632568,1.9264373779
1649863427595,1.4369201660,-0.5635833740,2.0355987549
1649863427788,2.8771057129,0.6299438477,0.9940032959
1649863427983,2.3256835938,0.1656188965,-1.4949798584
1649863428186,0.8138885498,0.4428253174,-2.6078643799
1649863428379,-1.1975708008,-0.7873992920,-2.6371917725
1649863428584,-2.5758209229,-3.5235443115,0.4017639160
1649863428775,-0.1666107178,-2.2823333740,2.2663879395
1649863428969,2.4953765869,0.6092224121,1.9147033691
1649863429169,2.8862762451,0.1460723877,0.2135009766
1649863429366,2.2203063965,0.8263854980,-1.8455505371
1649863429566,0.3887939453,-0.5625305176,-2.8740844727
1649863429764,-2.3205261230,-2.8363189697,-1.4581451416
1649863429953,-1.7380065918,-3.6327667236,1.9085998535
1649863430153,1.7335662842,-0.3817291260,2.1857452393
1649863430352,2.9716033936,0.4105682373,0.9629058838
1649863430547,2.3389282227,0.6364746094,-1.3161773682
1649863430747,0.7686309814,-0.0941314697,-2.4288787842
1649863430941,-1.4935913086,-1.8610687256,-2.2029266357
1649863431144,-2.3375244141,-3.6250152588,0.9266815186
1649863431340,0.5679016113,-1.4729156494,2.4411468506
1649863431530,2.6042327881,0.3737945557,1.5034637451
1649863431732,2.5917663574,0.7404937744,-0.4413604736
1649863431929,1.5647735596,0.1263885498,-1.8558807373
1649863432127,-0.3204803467,-0.5442199707,-2.8349914551
1649863432323,-2.2450256348,-2.3023529053,-0.9890594482
1649863432513,-1.4968872070,-2.8228149414,2.0625915527
1649863432714,1.5126647949,-0.9062805176,2.2118988037
1649863432910,2.6328277588,0.2923126221,0.7330932617
1649863433108,2.2172546387,0.4221801758,-1.3665771484
1649863433308,0.6955108643,0.4303588867,-2.4627838135
1649863433499,-0.8552398682,-0.8972320557,-2.7186737061
1649863433699,-2.1040954590,-4.7843322754,0.3995666504
1649863433899,0.0951538086,-2.7149353027,2.3986968994
1649863434094,2.6002044678,0.7550964355,1.3726806641
1649863434296,2.9320220947,0.6783752441,-0.2147827148
1649863434488,2.2956848145,0.7885742188,-1.8509979248
1649863434689,0.2521514893,0.0668945312,-2.6039581299
1649863434884,-1.4517517090,-0.9848327637,-2.3419494629
1649863435080,-2.4521179199,-4.6880493164,0.7528991699
1649863435278,0.7740020752,-2.1644287109,2.4286346436
1649863435475,2.9771728516,0.4463653564,1.2312622070
1649863435669,2.9024658203,0.4491119385,-1.1764831543
1649863435869,1.2464599609,-0.4481811523,-2.3610076904
1649863436064,-0.8870697021,-0.7444610596,-2.3720703125
1649863436264,-2.5642700195,-2.6782226562,-0.2771606445
1649863436463,-1.1782073975,-2.8801269531,2.3982696533
1649863436659,1.7421112061,-0.6413421631,1.9993133545
1649863436854,2.7307434082,0.4204711914,0.7919921875
1649863437046,2.3331909180,0.4875946045,-1.5044555664
1649863437250,0.9054718018,0.3557739258,-2.5746917725
1649863437444,-1.0704498291,-1.3472595215,-2.4622955322
1649863437643,-2.4770965576,-3.1544647217,0.4768371582
1649863437840,-0.1856689453,-2.0739593506,2.5606994629
1649863438033,2.2900085449,0.1007385254,1.6451263428
1649863438235,2.6322784424,0.5713500977,0.0874176025
1649863438435,1.6705780029,0.2428283691,-1.7578430176
1649863438628,0.1696777344,-0.1078643799,-2.6694488525
1649863438825,-1.6615905762,-1.6549530029,-1.7816619873
1649863439018,-2.0195617676,-3.6783447266,1.1348114014
1649863439220,0.3345489502,-1.9613647461,2.1447601318
1649863439415,2.3651428223,0.1525421143,1.0953521729
1649863439608,2.8215789795,0.7814941406,-0.4915771484
1649863439810,2.0887145996,1.1726379395,-1.5037231445
1649863440003,-0.2404632568,-0.5979614258,-2.2261352539
1649863440205,-2.3063049316,-2.7347869873,-1.3630981445
1649863440401,-1.6413726807,-3.8724212646,1.9056091309
1649863440594,1.1030883789,-0.0010375977,1.8340148926
1649863440795,2.5276947021,0.7822875977,1.1525268555
1649863440990,2.6585388184,-0.0023803711,-0.5655517578
1649863441188,1.5862731934,0.3554077148,-1.7130584717
1649863441387,-0.1316680908,0.3581542969,-2.5381011963
1649863441579,-2.0139312744,-1.8933868408,-1.6803741455
1649863441783,-1.9007415771,-4.2113800049,1.4036560059
1649863441978,0.8457183838,0.4998168945,2.1524505615
1649863442175,2.4510345459,0.5402526855,1.3656005859
1649863442374,2.6441192627,0.5525360107,-0.5824584961
1649863442564,1.7192687988,0.1455688477,-1.8379211426
1649863442766,-0.7969055176,-1.5941772461,-2.1146545410
1649863442963,-2.5816192627,-3.2764587402,0.0965728760
1649863443156,-0.6712493896,-2.1986236572,2.2924041748
1649863443354,1.7995300293,0.3045196533,1.8143920898
1649863443548,2.7910919189,0.0841827393,0.2919921875
1649863443754,2.1243286133,0.3480834961,-1.5829467773
1649863443950,0.5159149170,0.3784332275,-2.5395660400
1649863444143,-1.3980560303,-1.4181823730,-2.1524658203
1649863444342,-2.3394165039,-3.6248931885,0.8977966309
1649863444533,0.2771301270,-1.8407287598,2.2340087891
1649863444736,2.3353881836,0.5058593750,1.3360900879
1649863444936,2.7526092529,0.5180816650,-0.4077606201
1649863445125,1.6912841797,0.8922424316,-1.6848449707
1649863445329,0.0820770264,-0.4771423340,-2.4170837402
1649863445527,-2.1202239990,-2.5809173584,-1.1222381592
1649863445723,-1.8673248291,-2.7581939697,1.7571563721
1649863445920,1.0410156250,-0.7982177734,2.1324768066
1649863446111,2.5432128906,0.0686645508,0.9626007080
1649863446312,2.4005737305,0.7891845703,-1.0302886963
1649863446503,1.2208557129,0.5225372314,-2.1803131104
1649863446707,-0.6085662842,-1.0535583496,-2.6140289307
1649863446904,-2.2742309570,-2.6566009521,-0.4086761475
1649863447096,-1.0801696777,-3.0704650879,2.1540985107
1649863447300,1.6015472412,-0.2186889648,2.0400543213
1649863447490,2.6537780762,0.3127136230,0.4876556396
1649863447692,2.2141876221,0.5386657715,-1.4185028076
1649863447892,0.9495086670,0.1467437744,-2.4396972656
1649863448080,-1.0718536377,-1.3279571533,-2.0863647461
1649863448283,-2.4633483887,-2.9737091064,0.3238220215
1649863448481,-0.3836517334,-1.6031646729,2.1181182861
1649863448676,1.6251373291,-0.1533203125,2.2095794678
1649863448874,2.4525451660,0.1951904297,0.4090423584
1649863449068,2.0864562988,0.2201690674,-1.3411102295
1649863449267,0.9639892578,0.2582244873,-2.1004180908
1649863449463,-0.6772918701,-0.9886322021,-2.1509399414
1649863449658,-2.5241394043,-3.7136535645,0.2918701172
1649863449861,-0.8715515137,-1.5106658936,2.4859313965
1649863450060,1.9263458252,0.1916961670,1.8950958252
1649863450255,3.1979980469,0.0970764160,0.0594940186
1649863450453,2.2006378174,0.7412414551,-1.3649902344
1649863450643,0.2613067627,-0.1669464111,-2.3123321533
1649863450846,-2.0695343018,-2.6093750000,-1.3172760010
1649863451042,-2.0801544189,-2.7525024414,1.5774383545
1649863451240,0.6884307861,-1.1528778076,2.1968688965
1649863451438,2.2841339111,0.3829040527,0.9946136475
1649863451627,2.4416198730,0.4424591064,-1.2225952148
1649863451833,1.6546936035,0.7673797607,-1.8174591064
1649863452029,-0.6358184814,-1.4960174561,-2.0277862549
1649863452221,-2.3286590576,-1.6737670898,-0.3433074951
1649863452419,-1.1393585205,-1.7427368164,1.9456176758
1649863452612,1.4306945801,-0.7214813232,2.0460357666
1649863452813,2.1500549316,-0.1329193115,0.3964538574
1649863453010,1.9277038574,0.7621307373,-1.3982849121
1649863453205,0.8350982666,0.5017700195,-2.2480010986
1649863453406,-1.3573760986,-1.4830017090,-2.1078643799
1649863453600,-2.4053192139,-3.2829895020,0.5072021484
1649863453798,0.0970458984,-1.9267272949,1.9525756836
1649863453996,2.2479705811,0.3752593994,1.3266754150
1649863454190,2.6134643555,-0.1327362061,-0.4185028076
1649863454393,1.3989868164,1.2175292969,-1.5577239990
1649863454589,-0.1126098633,0.5100250244,-2.3139190674
1649863454784,-1.7309265137,-1.8010864258,-1.7275390625
1649863454984,-1.9700775146,-3.8937377930,1.2229003906
1649863455175,0.8646697998,-1.0389556885,2.0877075195
1649863455375,2.4088134766,0.4875335693,1.0933837891
1649863455571,2.5725250244,0.1656188965,-0.9400024414
1649863455769,1.5176849365,1.2150878906,-1.8398132324
1649863455969,-0.3140106201,0.0281066895,-2.5398712158
1649863456159,-2.2232208252,-2.8030242920,-1.2695159912
1649863456359,-1.2168121338,-3.8407745361,1.8104858398
1649863456558,1.4830474854,0.1560211182,2.0816040039
1649863456759,2.6106414795,-0.2842254639,0.6720733643
1649863456955,2.1637420654,0.5979766846,-1.5727539062
1649863457144,0.9378967285,0.5943908691,-2.3254547119
1649863457344,-1.3838806152,-1.3162231445,-2.2589416504
1649863457543,-2.4264526367,-3.5552520752,0.3447113037
1649863457740,-0.1636199951,-2.2578887939,2.1269226074
1649863457939,2.1949462891,0.4893188477,1.7657165527
1649863458129,2.8237152100,0.0556640625,-0.0376892090
1649863458332,2.1842651367,0.8350677490,-1.6440429688
1649863458526,0.2493896484,-0.1195983887,-2.0752410889
1649863458720,-1.7799072266,-1.3878784180,-1.9753723145
1649863458921,-2.4114227295,-3.5492095947,0.7140350342
1649863459117,0.1295471191,-1.1588134766,2.1258239746
1649863459316,2.3386840820,0.6748962402,1.4121398926
1649863459513,2.7396087646,-0.2957763672,-0.4274291992
1649863459706,1.4314270020,1.0549163818,-1.5975494385
1649863459909,-0.3044128418,-0.6296691895,-2.3970489502
1649863460105,-2.1265258789,-2.8488464355,-0.7914428711
1649863460301,-1.4861450195,-3.1505584717,1.8670501709
1649863460499,1.2361907959,0.3647003174,2.2120819092
1649863460691,2.7882232666,0.3449707031,0.9936981201
1649863460895,2.4514465332,0.3221740723,-1.2414093018
1649863461092,0.9448089600,0.8632202148,-2.2326660156
1649863461284,-0.9425964355,-1.4068145752,-2.5525207520
1649863461484,-2.3010406494,-3.7638702393,0.1869201660
1649863461676,-0.4095458984,-1.9239196777,2.1820831299
1649863461878,2.0271453857,0.1659240723,1.6668701172
1649863462075,2.9564666748,-0.2167358398,-0.3607788086
1649863462270,1.9071044922,0.1636047363,-1.7449493408
1649863462469,-0.0153503418,0.8787994385,-2.0624847412
1649863462673,-2.0257873535,-1.6403503418,-1.6776885986
1649863462864,-2.2023315430,-3.9896392822,1.3989562988
1649863463063,0.4959411621,-0.3847198486,2.3531188965
1649863463254,2.5240325928,0.1646423340,1.0632781982
1649863463452,2.6730194092,0.2050170898,-1.0025634766
1649863463649,1.2094879150,0.3370208740,-1.9698028564
1649863463846,-1.1269531250,-0.9961395264,-2.3014526367
1649863464044,-2.3732452393,-2.0294189453,-0.1933441162
1649863464237,-0.8604278564,-1.8914184570,2.1644897461
1649863464439,1.3584899902,0.5630950928,1.7849578857
1649863464638,2.0306243896,-0.5197143555,0.3023071289
1649863464831,1.9023437500,-0.1312103271,-1.2160644531
1649863465032,0.6066284180,0.2626800537,-1.9109191895
1649863465223,-1.0510253906,-1.2342529297,-1.8846588135
1649863465422,-2.4537658691,-3.0746154785,0.6894226074
1649863465621,-0.5264129639,-1.6575775146,2.5919799805
1649863465819,2.1762542725,0.7759399414,1.5947875977
1649863466019,3.2480926514,0.4808197021,-0.1154022217
1649863466208,2.1383819580,0.5776519775,-1.6372528076
1649863466409,-0.0144958496,-0.1612701416,-2.4603424072
1649863466609,-2.0242614746,-2.1551361084,-1.4277954102
1649863466802,-1.9260406494,-3.3878173828,1.7473907471
1649863467002,0.9749298096,-0.4036560059,2.3678436279
1649863467202,2.8370971680,-0.1524047852,0.6069030762
1649863467397,2.5841979980,0.8670806885,-1.5324859619
1649863467594,0.4873962402,-0.3614959717,-2.4034118652
1649863467786,-1.9279937744,-1.5109710693,-1.8491668701
1649863467988,-2.1737976074,-3.5019836426,1.1986389160
