1649863046976,-7.0515804291,-2.2504034042,-0.5626358986
1649863047180,-3.7887001038,-3.0586826801,9.1620998383
1649863047378,5.1165814400,-4.4794597626,5.6255750656
1649863047572,5.3240261078,-6.4095025063,1.2875170708
1649863047767,6.6053533554,-7.5296325684,-3.6412639618
1649863047962,3.6457195282,-8.4499130249,-3.6012163162
1649863048165,-1.0959177017,-8.7948007584,-3.3704829216
1649863048363,-3.0243606567,-5.3225593567,-4.4731936455
1649863048554,-6.5912489891,-1.7881526947,-2.8610739708
1649863048755,-7.4121732712,-3.2444756031,7.8214488029
1649863048950,2.5576601028,-5.1607103348,6.4501523972
1649863049150,6.2875838280,-7.0931181908,2.3440990448
1649863049347,9.2697744370,-7.1641340256,-2.2544426918
1649863049538,3.3686313629,-9.0956602097,-2.3005406857
1649863049742,-0.7815475464,-8.8756361008,-3.5380656719
1649863049939,-1.4053936005,-5.3637533188,-5.4200744629
1649863050134,-9.3215808868,-3.4099740982,-1.2296659946
1649863050332,-7.6273212433,-3.9513311386,9.1759748459
1649863050523,3.7141838074,-6.8988213539,6.2918696404
1649863050726,8.0283622742,-9.1532592773,3.3923268318
1649863050923,7.7899041176,-8.9730491638,-2.9694826603
1649863051118,2.7525062561,-8.3446140289,-4.7144393921
1649863051318,0.1839408875,-7.9849777222,-3.4650566578
1649863051508,-3.5135779381,-5.3777680397,-5.1827750206
1649863051712,-9.4937782288,-4.0067930222,2.4987173080
1649863051908,-2.7542800903,-3.9797594547,11.2241172791
1649863052108,5.2740192413,-6.9154415131,6.9167222977
1649863052304,7.9476561546,-9.4988031387,-0.9720219374
1649863052499,7.4769144058,-8.3129367828,-4.0193538666
1649863052695,-0.1683158875,-8.5885934830,-3.5756680965
1649863052894,-1.1463851929,-5.8454051018,-4.9402561188
1649863053088,-4.0770330429,-3.3299703598,-3.7342653275
1649863053287,-8.9329624176,-4.0240993500,4.5321798325
1649863053484,-0.0971660614,-4.4684085846,9.7056255341
1649863053681,7.1243214607,-7.6127829552,6.3497281075
1649863053878,8.1022167206,-8.6227512360,-1.3537154198
1649863054069,6.5630207062,-8.0877838135,-3.3151471615
1649863054273,0.1928100586,-8.4369697571,-2.7942066193
1649863054463,-2.4856901169,-4.6586160660,-3.1059939861
1649863054664,-6.4070515633,-2.8288426399,-3.0345211029
1649863054865,-8.7909984589,-2.4382343292,6.3780140877
1649863055056,1.0933089256,-4.1754212379,8.5613412857
1649863055259,5.9399962425,-7.8078951836,4.1212949753
1649863055456,7.3060765266,-8.4142045975,-0.6400083303
1649863055652,6.2871484756,-6.0810947418,-4.4732828140
1649863055849,0.0904874802,-8.3440494537,-2.6347329617
1649863056039,-1.2995357513,-5.4884529114,-3.5822546482
1649863056243,-3.2543132305,-4.3251500130,-6.4365725517
1649863056441,-11.2962379456,-3.9102847576,4.0844020844
1649863056634,0.5364665985,-3.3311245441,8.1604766846
1649863056832,4.9351162910,-7.0254473686,6.9134397507
1649863057026,7.1069688797,-10.0753726959,1.6843531132
1649863057230,7.4778079987,-8.0109577179,-3.1243498325
1649863057425,0.8853292465,-9.2288846970,-2.6939857006
1649863057620,-2.8343391418,-6.2452330589,-5.9436931610
1649863057818,-6.4602942467,-4.5101532936,-4.3988671303
1649863058017,-8.2271862030,-2.9751484394,6.3470849991
1649863058216,1.8154678345,-4.5047645569,9.8045349121
1649863058411,5.1781845093,-7.9148945808,5.9499664307
1649863058602,8.4597911835,-8.7444829941,-2.6958575249
1649863058806,4.0271863937,-8.9734439850,-4.8658494949
1649863059000,0.2169141769,-8.1578397751,-4.5820589066
1649863059201,-2.2591519356,-5.7070670128,-3.5160722733
1649863059396,-8.6622200012,-3.6516046524,1.3848695755
1649863059589,-4.1617360115,-3.7686700821,9.8746566772
1649863059790,4.5316381454,-6.3114032745,7.3807229996
1649863059986,7.5603256226,-9.0812969208,4.0941591263
1649863060185,8.5668382645,-9.9070043564,-3.0886106491
1649863060382,0.9837121964,-8.6634664536,-4.5390100479
1649863060572,-0.5080142021,-7.1083683968,-5.2915325165
1649863060769,-3.3150725365,-3.9835391045,-5.7685961723
1649863060970,-9.5348968506,-4.3214969635,5.6473278999
1649863061164,1.0962195396,-4.9642543793,10.4138717651
1649863061362,5.7639594078,-8.8711395264,5.9313964844
1649863061557,9.8927001953,-8.7160167694,-1.2458107471
1649863061758,5.1017856598,-8.7219104767,-3.1936373711
1649863061950,0.6139669418,-8.4981908798,-4.2787461281
1649863062149,-1.4714717865,-5.2318406105,-6.0603837967
1649863062344,-9.6446590424,-3.6627984047,-0.3447458744
1649863062543,-3.8716449738,-3.6549930573,8.4376077652
1649863062741,4.5479145050,-6.0879697800,8.6485147476
1649863062938,9.0501499176,-9.5329494476,4.7961339951
1649863063134,8.2793731689,-9.7981634140,-2.6961638927
1649863063333,1.3463573456,-8.5753440857,-4.6122007370
1649863063533,-1.5055913925,-5.2185039520,-6.2077770233
1649863063729,-2.8952836990,-3.6794319153,-3.8169269562
1649863063924,-6.7839784622,-4.4494237900,6.0756549835
1649863064119,2.0297837257,-4.8682413101,12.0275421143
1649863064324,8.6138839722,-7.6656818390,7.2999143600
1649863064517,9.3438987732,-10.0188798904,-2.5239658356
1649863064710,3.1014127731,-9.1011781693,-4.0454597473
1649863064911,0.8306584358,-6.4586963654,-4.7848205566
1649863065103,-1.6950144768,-4.6321029663,-5.0166425705
1649863065307,-8.7778234482,-3.9422216415,2.9029397964
1649863065503,-2.1841211319,-4.0536952019,10.3701906204
1649863065697,7.5336956978,-7.5106391907,8.3791904449
1649863065897,8.1805934906,-9.9117670059,2.5169730186
1649863066089,6.8725080490,-8.3189792633,-4.6504731178
1649863066293,2.3551349640,-6.8860979080,-3.2391018867
1649863066489,-0.7544465065,-5.7451257706,-4.4555339813
1649863066686,-6.4010958672,-5.4578404427,-2.7258689404
1649863066884,-7.2044415474,-3.9850237370,9.2041349411
1649863067076,2.1973986626,-5.4014201164,10.4183082581
1649863067279,8.7293701172,-7.7031621933,4.5317025185
1649863067475,9.4639005661,-7.9432373047,-2.3369040489
1649863067669,3.4203157425,-9.3944568634,-3.9381744862
1649863067870,-0.5130987167,-6.8056011200,-5.1639432907
1649863068062,-2.8455762863,-3.8421063423,-4.0187311172
1649863068259,-8.3168449402,-3.3416552544,3.4102644920
1649863068460,-0.8112988472,-3.8011744022,10.6077175140
1649863068651,7.1008310318,-6.9929509163,7.1310167313
1649863068854,9.3195142746,-9.3112869263,0.5012533665
1649863069052,7.9510574341,-9.3506565094,-3.8722376823
1649863069249,-0.9120635986,-9.0796365738,-5.7126345634
1649863069445,-2.3356451988,-5.1920452118,-4.8041634560
1649863069635,-6.1238317490,-2.9286084175,0.6504318714
1649863069838,-4.4470696449,-3.3531770706,8.8431425095
1649863070039,4.5659694672,-5.3259930611,8.7708835602
1649863070230,9.0798397064,-7.5987844467,4.0826997757
1649863070432,7.8553323746,-9.5489358902,-4.1454296112
1649863070620,4.8952970505,-7.6909666061,-6.4596166611
1649863070825,-1.4928951263,-8.2283639908,-2.7839117050
1649863071019,-5.6940202713,-2.6342625618,-2.7502057552
1649863071215,-7.9172663689,-1.7397542000,5.0914793015
1649863071412,1.6312007904,-3.9149856567,8.5252761841
1649863071610,7.6432051659,-6.5171356201,6.1872763634
1649863071810,9.8440952301,-9.5485305786,2.7869427204
1649863072006,6.8487615585,-10.4358177185,-7.7704038620
1649863072198,-0.8290004730,-9.3850536346,-5.6453208923
1649863072400,-2.8996129036,-5.0859637260,-4.4392862320
1649863072594,-7.6121802330,-3.5510606766,-2.3875720501
1649863072795,-3.8876118660,-4.1384811401,9.4108715057
1649863072991,7.7323284149,-6.0063076019,9.2267227173
1649863073182,6.3055567741,-9.0295295715,3.0849921703
1649863073382,8.4133710861,-10.5794029236,-3.2270190716
1649863073583,2.1180400848,-9.0538091660,-6.4900174141
1649863073781,-1.4697036743,-7.7556262016,-2.6624131203
1649863073977,-4.5752615929,-4.0945649147,-2.8219864368
1649863074166,-6.7284584045,-2.8663163185,2.1364974976
1649863074368,-3.0902805328,-4.3104190826,8.9071788788
1649863074567,8.0647182465,-7.0794854164,8.0951786041
1649863074766,7.6290264130,-8.4461765289,3.1992793083
1649863074963,7.9155168533,-11.2062959671,-4.7199635506
1649863075152,3.0544881821,-8.6014347076,-6.3783712387
1649863075356,-0.8867797852,-7.6667757034,-2.6528475285
1649863075555,-5.8468031883,-6.0683269501,-2.5159268379
1649863075747,-8.2127275467,-3.4264264107,5.9205856323
1649863075945,2.0028948784,-5.2925190926,12.8287000656
1649863076145,5.7342500687,-8.9476633072,4.7670116425
1649863076342,10.9251728058,-9.8735208511,-2.2896780968
1649863076539,4.6474676132,-9.2713975906,-3.4424982071
1649863076729,-1.2976255417,-8.1677227020,-4.1458806992
1649863076933,-2.3519334793,-4.7041783333,-5.4766297340
1649863077126,-7.5751399994,-4.8132090569,0.2363777161
1649863077324,-3.7242655754,-4.8209104538,11.1290454865
1649863077521,7.0645594597,-6.6695556641,8.8055677414
1649863077715,8.4233398438,-10.7460689545,4.5899968147
1649863077917,8.8808488846,-9.6909866333,-5.3618087769
1649863078115,0.5434513092,-9.0074901581,-4.5081014633
1649863078313,-2.8078298569,-5.6582894325,-4.8100190163
1649863078509,-4.9955692291,-3.9304838181,-3.0287384987
1649863078699,-6.9011201859,-3.9977531433,8.7804050446
1649863078903,4.6633567810,-5.4217119217,12.8214445114
1649863079098,5.9225234985,-9.0879039764,3.7041454315
1649863079292,10.0019836426,-8.8110675812,-4.5702853203
1649863079494,3.4674768448,-8.9258337021,-2.6347513199
1649863079684,-0.9513616562,-7.8895049095,-4.2755365372
1649863079887,-2.6216955185,-5.8565325737,-3.9507064819
1649863080078,-7.9430098534,-3.9393882751,1.5016500950
1649863080282,-3.2226467133,-4.7062807083,12.0385103226
1649863080472,5.3737735748,-7.4299488068,8.6142101288
1649863080672,7.8616790771,-10.2397480011,2.3275685310
1649863080873,8.3268814087,-9.4894838333,-4.6507987976
1649863081071,2.4640159607,-9.2692708969,-3.6981291771
1649863081261,-1.6966385841,-8.2487945557,-6.4688611031
1649863081465,-5.6214385033,-5.5202069283,-4.1461215019
1649863081657,-8.9860916138,-4.9871931076,6.7437195778
1649863081859,5.1955347061,-5.5292444229,11.2702121735
1649863082054,7.1856088638,-7.8245406151,5.2905230522
1649863082247,7.5643143654,-10.4910774231,-1.5936734676
1649863082449,7.4857177734,-8.0724611282,-2.9733135700
1649863082648,0.8367977142,-9.4332523346,-3.4949607849
1649863082843,-3.9357423782,-7.5700216293,-3.6940157413
1649863083041,-11.1733694077,-4.4870381355,5.6136150360
1649863083231,-2.5586729050,-3.4156100750,11.7276229858
1649863083434,5.0658226013,-8.0550460815,6.7900238037
1649863083629,9.8548126221,-10.0869827271,0.3459215760
1649863083830,8.7421255112,-8.5685501099,-1.8465871811
1649863084028,0.4679689407,-9.8237915039,-4.8121519089
1649863084216,-1.4940261841,-6.5826783180,-6.2607154846
1649863084418,-9.1291637421,-5.4871196747,0.0638198853
1649863084617,-5.3456530571,-4.2191896439,11.5760631561
1649863084814,5.4333400726,-6.5849704742,7.5678038597
1649863085009,9.8436660767,-8.2854938507,2.6891140938
1649863085211,10.2520427704,-9.2827262878,-2.2704722881
1649863085406,1.0377855301,-10.8996086121,-4.0294556618
1649863085601,-1.6869864464,-6.9938278198,-4.8607196808
1649863085792,-7.1444826126,-3.0018706322,-2.3497419357
1649863085997,-7.7983484268,-3.2674500942,10.3688097000
1649863086190,3.3199968338,-7.4177680016,9.3493690491
1649863086391,11.0078716278,-9.9257202148,1.6877241135
1649863086583,11.5477037430,-9.7574958801,-5.9704771042
1649863086779,0.9365768433,-10.5736417770,-5.1487908363
1649863086979,-4.3088722229,-6.6053504944,-3.7801480293
1649863087178,-5.1508579254,-2.9787020683,-4.5838651657
1649863087376,-8.6890172958,-2.5393719673,5.6756649017
1649863087569,0.3787941933,-6.2092022896,13.1157531738
1649863087763,9.2443161011,-10.2427406311,6.1241102219
1649863087966,10.5395259857,-9.9689579010,-5.8019566536
1649863088160,1.7230882645,-8.5989046097,-6.3962492943
1649863088358,-0.1559195518,-6.4804363251,-3.7939419746
1649863088558,-4.4905009270,-5.6267719269,-4.3835859299
1649863088748,-8.4271812439,-3.6476831436,6.9424610138
1649863088952,1.5611591339,-4.7034883499,12.7225570679
1649863089149,6.9756703377,-9.8017807007,6.0702614784
1649863089347,9.0297374725,-11.0458526611,-3.4123332500
1649863089540,5.8232240677,-9.1545591354,-5.5592260361
1649863089737,-1.3957920074,-9.8763160706,-4.3748016357
1649863089938,-2.2687835693,-5.6586537361,-5.5684900284
1649863090134,-9.2348842621,-5.0251936913,1.8482937813
1649863090326,-2.9007086754,-5.7420206070,11.3248462677
1649863090529,8.5624523163,-9.9262275696,8.4652986526
1649863090723,10.1487483978,-12.3727264404,-1.0513627529
1649863090924,7.7894124985,-9.6862621307,-5.2240109444
1649863091118,0.3694496155,-9.0365295410,-3.7811577320
1649863091310,-1.8470749855,-6.4811878204,-5.0040225983
1649863091514,-8.0588855743,-4.0465741158,-2.1349930763
1649863091708,-5.5477972031,-4.2325525284,10.7778997421
1649863091907,5.1431450844,-8.3428993225,10.4609069824
1649863092105,10.4686117172,-11.7048873901,1.2342453003
1649863092295,9.8530235291,-9.4055767059,-5.8121008873
1649863092498,0.4417276382,-11.0119438171,-2.6509096622
1649863092695,-2.2434201241,-7.9523754120,-4.7752408981
1649863092890,-6.6269993782,-5.5565223694,-4.1719279289
1649863093088,-7.8879117966,-5.9090385437,10.0372371674
1649863093281,4.8157477379,-7.8041181564,10.3654356003
1649863093481,8.8676471710,-11.4170265198,3.9596905708
1649863093683,8.9422683716,-9.3839035034,-4.6219696999
1649863093876,3.6718559265,-9.6542186737,-4.7245411873
1649863094075,-0.5544109344,-7.1708631516,-5.4290657043
1649863094268,-6.7181115150,-4.6266384125,-1.0663106441
1649863094464,-5.5179634094,-4.6183900833,9.1534709930
1649863094662,5.2415876389,-6.2142796516,9.6711521149
1649863094858,9.2920284271,-8.7531871796,3.6327645779
1649863095060,11.3568439484,-10.0709152222,-2.8216316700
1649863095252,2.5699281693,-10.5068197250,-4.1551671028
1649863095452,-2.2470645905,-7.9232387543,-3.7027413845
1649863095649,-3.5968132019,-2.9532575607,-4.7758703232
1649863095842,-9.2556934357,-3.1477537155,3.6520292759
1649863096045,0.0055003166,-6.7203135490,11.7749614716
1649863096240,9.5198917389,-11.2662057877,8.2041025162
1649863096436,11.3578186035,-14.1341609955,-3.2802767754
1649863096632,4.3002424240,-12.3507966995,-5.4034771919
1649863096828,-2.0211672783,-9.2103233337,-4.7207484245
1649863097030,-4.6316947937,-5.0774769783,-4.5180521011
1649863097228,-10.7529115677,-4.2468633652,4.6462974548
1649863097421,1.0455904007,-6.0622191429,11.4973001480
1649863097628,7.9836258888,-8.8596982956,4.2598667145
1649863097811,11.0879993439,-9.3098411560,-1.8308386803
1649863098016,6.0341415405,-8.9122409821,-4.0757384300
1649863098213,0.7483530045,-9.2383022308,-3.5047705173
1649863098406,-2.6613159180,-6.8329095840,-4.7315864563
1649863098606,-8.1743698120,-5.1275091171,3.9739966393
1649863098800,0.6738634109,-4.6429891586,12.7439365387
1649863099002,7.7374877930,-8.7177391052,7.1559634209
1649863099198,10.4420547485,-11.3261356354,0.3872941732
1649863099389,7.1091403961,-10.9346561432,-5.0402894020
1649863099590,0.9905452728,-8.9412612915,-4.7532153130
1649863099785,-3.7263464928,-5.3992419243,-4.1005349159
1649863099984,-7.3875703812,-3.1888375282,3.8787987232
1649863100184,-1.2619018555,-5.1904344559,9.2087326050
