1649863697493,2.1522498131,-5.9311752319,-9.2384901047
1649863697694,-7.2635517120,-6.3808937073,-1.7053656578
1649863697889,-9.3967571259,-2.4538853168,11.5453758240
1649863698082,0.0622882843,-6.0167212486,11.2755088806
1649863698279,8.5322990417,-11.1814432144,1.4363708496
1649863698482,7.4665260315,-8.4946155548,-7.6627941132
1649863698675,1.9792861938,-6.6352481842,-8.0572986603
1649863698878,-5.0269546509,-6.6071624756,-3.2292475700
1649863699068,-10.8618354797,-3.2511560917,6.2920522690
1649863699271,-1.8319616318,-4.3198671341,14.2795896530
1649863699468,7.9101271629,-8.9399356842,4.0335917473
1649863699664,8.3223819733,-9.5097732544,-1.8437681198
1649863699861,4.0512704849,-6.6766505241,-10.1509666443
1649863700053,-1.4019083977,-8.1987762451,-6.3227844238
1649863700255,-10.5086851120,-3.9877049923,2.2093148232
1649863700453,-6.2045350075,-2.5515825748,13.5670242310
1649863700645,2.9218735695,-6.3957796097,7.7483186722
1649863700848,6.9068031311,-10.4637956619,1.2618327141
1649863701044,5.7773704529,-5.7249803543,-6.2759132385
1649863701242,2.8141512871,-4.8533124924,-7.8101286888
1649863701438,-3.2807660103,-6.4806075096,-3.5934662819
1649863701629,-9.5389709473,-4.1814494133,5.2447981834
1649863701831,-3.3876585960,-2.3135192394,13.1653547287
1649863702026,5.1562080383,-6.9642658234,6.4467816353
1649863702226,8.8776559830,-7.7723717690,-1.6560640335
1649863702422,3.7399687767,-5.9524054527,-6.2449107170
1649863702614,2.0787434578,-4.4749636650,-7.3341555595
1649863702817,-6.0590071678,-5.7957725525,-1.3996181488
1649863703015,-7.3832607269,-3.1567192078,8.0934267044
1649863703209,1.4844722748,-3.6586859226,12.0024013519
1649863703409,7.9186201096,-5.5276489258,4.0108356476
1649863703598,6.6172370911,-7.9881525040,-0.2636737823
1649863703804,3.2874364853,-6.7378869057,-9.1602945328
1649863703996,-1.6026163101,-5.9176745415,-6.3147668839
1649863704196,-8.2595443726,-4.2855720520,2.5795111656
1649863704394,-6.6191601753,-1.6576170921,12.0951080322
1649863704588,1.2454996109,-6.0312004089,8.5135612488
1649863704789,9.6754989624,-9.5510673523,1.6479921341
1649863704982,5.3660678864,-7.1922206879,-5.3482866287
1649863705177,4.2157778740,-4.8422603607,-8.0813245773
1649863705376,-3.9612097740,-6.9467349052,-3.9696731567
1649863705585,-9.6518640518,-3.9102067947,6.2074103355
1649863705773,-1.7484645844,-3.5757062435,14.2220458984
1649863705969,4.6143307686,-7.3585934639,5.0892105103
1649863706161,6.4157900810,-9.9977293015,1.4662446976
1649863706360,4.1687169075,-5.9209146500,-7.8323059082
1649863706562,2.3382740021,-5.2970275879,-6.1916637421
1649863706758,-7.2470364571,-4.1522650719,-1.9031586647
1649863706956,-7.9242177010,-3.1472032070,8.8649501801
1649863707146,-1.9396576881,-4.1236476898,12.3647098541
1649863707349,6.1042881012,-10.1622695923,6.0143547058
1649863707545,5.2044339180,-9.0287714005,-1.5762381554
1649863707739,5.3899693489,-4.2330536842,-9.1982975006
1649863707942,-1.7514615059,-6.8526787758,-6.1082372665
1649863708130,-10.7179422379,-5.5242810249,2.2924337387
1649863708331,-4.6442480087,-3.6232690811,14.6627559662
1649863708530,3.8710389137,-6.6639528275,8.6731052399
1649863708723,6.2900037766,-10.4336843491,2.8146247864
1649863708926,4.2649760246,-6.6296606064,-6.6964645386
1649863709117,4.1816973686,-5.0759696960,-5.0706253052
1649863709317,-4.1920285225,-5.2286853790,-5.7637176514
1649863709512,-11.4641780853,-5.0651731491,6.9518027306
1649863709709,-2.8751535416,-4.4873828888,12.3899555206
1649863709906,5.8016767502,-7.1362991333,5.5230393410
1649863710112,7.6570119858,-10.0273494720,1.7516560555
1649863710302,3.5976734161,-7.7336802483,-6.8828678131
1649863710496,0.1838712692,-5.0233540535,-7.8848390579
1649863710696,-9.1548671722,-3.9908273220,-1.3914799690
1649863710894,-6.9930834770,-5.4833774567,11.2228565216
1649863711092,1.0567374229,-4.0562567711,9.9157600403
1649863711288,8.7192020416,-6.2081141472,5.0249395370
1649863711486,5.4298706055,-8.3925294876,-5.0737547874
1649863711677,2.0894403458,-5.4095382690,-9.0468978882
1649863711882,-5.2973904610,-5.2995934486,-5.0986137390
1649863712079,-9.9557647705,-4.0202989578,6.9350962639
1649863712275,-2.6448450089,-2.4608373642,12.2088470459
1649863712472,7.5622930527,-5.6268649101,6.4761948586
1649863712662,5.0151429176,-9.5642881393,-2.0652389526
1649863712866,5.8252635002,-5.2727966309,-6.9374065399
1649863713063,-1.0688738823,-6.6401534081,-6.6585478783
1649863713258,-10.0865192413,-5.2320418358,1.1526417732
1649863713458,-4.6742405891,-3.2100570202,13.8558673859
1649863713648,2.3362946510,-5.0999069214,7.7931613922
1649863713852,6.9015774727,-6.8082199097,3.3130140305
1649863714049,4.8273167610,-7.3274908066,-4.2282228470
1649863714243,5.2764186859,-4.9442729950,-8.5374069214
1649863714443,-6.7346415520,-6.7428712845,-2.6062321663
1649863714637,-9.6403903961,-3.7432339191,6.9652762413
1649863714835,-1.4820032120,-3.5962824821,12.0817575455
1649863715030,5.8804955482,-7.4121689796,6.5780997276
1649863715224,6.3387985229,-8.4238357544,-1.3271484375
1649863715425,7.1662931442,-6.4430685043,-8.1023311615
1649863715621,-3.6355395317,-6.9796094894,-5.9965100288
1649863715824,-9.4069633484,-4.0712065697,3.7773156166
1649863716019,-5.5682764053,-4.7471351624,11.0327205658
1649863716210,3.5667052269,-6.2139272690,9.7491245270
1649863716413,7.6865711212,-8.0209007263,4.1382236481
1649863716609,3.8525147438,-8.0390205383,-6.9586801529
1649863716808,1.2382612228,-5.7122368813,-9.4157447815
1649863717005,-8.3475675583,-5.5786776543,-1.8465027809
1649863717194,-6.4768142700,-3.8174405098,14.1047525406
1649863717394,0.5990800858,-5.4872937202,9.2623014450
1649863717596,6.7158575058,-8.5167856216,3.7927699089
1649863717791,4.5269770622,-8.1120386124,-5.7566714287
1649863717986,5.1502518654,-3.4182224274,-7.8468160629
1649863718181,-7.4643187523,-5.1890535355,-5.3154621124
1649863718380,-9.1577358246,-3.3438487053,9.5167684555
1649863718578,-0.3212776184,-2.0302252769,8.7928094864
1649863718774,8.0401811600,-3.7727770805,5.2335338593
1649863718974,7.9455027580,-7.7390770912,-1.9244680405
1649863719182,7.1461267471,-6.1981339455,-11.2794027328
1649863719369,-7.8651027679,-7.6438922882,-4.8302884102
1649863719563,-12.9855403900,-4.5648851395,9.7930412292
1649863719756,2.7207117081,-5.5441899300,11.3823661804
1649863719958,12.0628700256,-8.2075271606,4.1056857109
1649863720155,3.4858045578,-9.5353031158,-8.7781295776
1649863720351,-2.0748705864,-6.9832615852,-10.1564960480
1649863720549,-12.7795028687,-7.0241551399,1.3261618614
1649863720741,0.5779466629,-6.2581729889,15.9402170181
1649863720942,11.9596214294,-6.0106711388,7.2019591331
1649863721142,4.2904863358,-11.2488822937,0.2175636292
1649863721336,1.9938349724,-4.2197618484,-10.3002376556
1649863721535,-9.2347030640,-5.0262875557,-6.5739626884
1649863721725,-9.3922128677,-5.0396456718,5.6073684692
1649863721929,3.9704766273,-4.7399969101,11.8463001251
1649863722128,9.9349346161,-4.4377245903,6.5482544899
1649863722322,5.7442197800,-8.0886936188,-2.8580884933
1649863722523,-0.5821166039,-4.5599932671,-7.9048833847
1649863722711,-8.9896087646,-4.7791280746,-3.2102346420
1649863722914,-8.7786998749,-3.8505971432,7.2658491135
1649863723113,2.4451007843,-4.9879622459,9.8000450134
1649863723308,12.0248889923,-5.5400071144,7.1025719643
1649863723506,3.7343416214,-9.3495559692,-3.5843615532
1649863723702,2.4070625305,-5.9775657654,-11.0261020660
1649863723897,-7.9719858170,-5.9097948074,-3.0200953484
1649863724096,-6.1488580704,-3.0528521538,10.0511379242
1649863724288,2.4609603882,-4.5206284523,11.8785696030
1649863724486,10.8471374512,-7.6143045425,4.1456975937
1649863724689,4.1285419464,-8.9896469116,-3.8705091476
1649863724886,3.0871415138,-4.3865137100,-8.8469285965
1649863725084,-4.8738923073,-5.8283271790,-4.9722223282
1649863725272,-7.0118322372,-3.9775607586,4.3006300926
1649863725477,2.5540556908,-5.0674667358,14.2631177902
1649863725670,10.4768276215,-7.7941851616,7.1313600540
1649863725871,8.0081233978,-12.8564777374,1.2925348282
1649863726065,3.3411712646,-9.7608318329,-8.6443252563
1649863726258,-1.8261494637,-7.4750795364,-10.5193386078
1649863726456,-11.9771595001,-6.3629407883,0.2208087444
1649863726658,-0.2440695763,-7.0240707397,14.2853507996
1649863726853,9.5848941803,-8.8906421661,7.4941916466
1649863727050,12.9317245483,-9.2408132553,0.8650131226
1649863727243,4.2159934044,-10.0817346573,-6.6446018219
1649863727448,-4.2172322273,-6.8898029327,-10.1304759979
1649863727642,-12.6417837143,-6.3588871956,2.7910540104
1649863727835,-1.2108597755,-6.9048824310,12.9616117477
1649863728038,7.8837475777,-8.2905769348,6.6716680527
1649863728233,11.6236648560,-7.5578131676,3.5064058304
1649863728432,1.9658889771,-10.1533641815,-6.5919919014
1649863728629,-0.2788047791,-6.3315954208,-9.2058544159
1649863728820,-11.1986951828,-6.8677339554,2.0737459660
1649863729023,-0.2024497986,-5.3607082367,12.8359832764
1649863729225,7.3949441910,-6.8138546944,9.4237899780
1649863729416,10.5297851562,-8.5445671082,1.3519382477
1649863729615,4.1357841492,-10.0795001984,-5.4307546616
1649863729805,0.8843107224,-4.6599850655,-8.2164955139
1649863730010,-10.6248006821,-5.5851254463,-3.2640695572
1649863730205,-5.2538299561,-6.2527618408,11.2178449631
1649863730400,4.9326415062,-7.1804771423,10.5545682907
1649863730599,12.1704874039,-6.8672027588,3.9145469666
1649863730790,6.1805734634,-9.5928411484,-4.8215222359
1649863730990,1.6720361710,-7.0257458687,-8.0343761444
1649863731189,-9.9267024994,-6.2226696014,-2.9023170471
1649863731389,-5.2465648651,-5.4060630798,11.1501750946
1649863731585,5.7989172935,-5.6659607887,11.9884490967
1649863731775,10.2161931992,-7.2754187584,3.6925368309
1649863731975,6.6034221649,-10.0467319489,-3.2790069580
1649863732176,2.6031069756,-6.9886202812,-7.9919967651
1649863732368,-8.9703330994,-5.9209399223,-4.5409836769
1649863732570,-8.3663425446,-6.3946418762,9.5767784119
1649863732763,5.2546710968,-6.5844507217,13.3395671844
1649863732965,10.8168926239,-7.1396017075,4.0437073708
1649863733161,6.5096726418,-9.0861377716,-3.5941238403
1649863733352,2.2698931694,-6.6570415497,-8.8084936142
1649863733549,-10.1259899139,-5.7824611664,-2.3461487293
1649863733751,-5.0299062729,-6.2131795883,10.2548789978
1649863733949,6.0373544693,-6.5824027061,13.6349515915
1649863734146,11.1227035522,-8.2918682098,5.6012187004
1649863734337,5.9167799950,-9.9403314590,-6.1414546967
1649863734540,2.5357551575,-5.1840353012,-9.8152141571
1649863734737,-10.5765743256,-7.0468311310,-2.4144849777
1649863734935,-8.1580266953,-4.3098526001,10.9504022598
1649863735132,4.0961818695,-4.8355984688,9.6495018005
1649863735321,11.2246112823,-5.0587964058,4.7342848778
1649863735523,3.6779813766,-10.4682712555,-1.6765794754
1649863735724,6.6393275261,-5.7195272446,-9.1357374191
1649863735915,-6.8774185181,-6.3542718887,-4.0855765343
1649863736117,-7.8665390015,-5.4427652359,8.9985084534
1649863736307,3.5865335464,-4.9437394142,13.3064413071
1649863736510,10.0960073471,-6.8836464882,5.9481554031
1649863736708,6.9176402092,-9.5842256546,-1.6778717041
1649863736904,4.9716620445,-5.8129334450,-5.5439510345
1649863737102,-7.1528787613,-5.6440587044,-4.1134519577
1649863737299,-10.3921680450,-4.9687352180,2.9608881474
1649863737495,0.2721147537,-6.2268972397,12.8028202057
1649863737694,9.4006175995,-6.4603905678,8.5422506332
1649863737883,6.3097348213,-10.7509193420,2.4302115440
1649863738086,4.3894872665,-8.4268283844,-7.3002777100
1649863738285,-2.9522075653,-6.0099949837,-7.2637052536
1649863738482,-11.8852634430,-6.4586896896,2.5578002930
1649863738678,-2.7550516129,-4.9142503738,12.0214214325
1649863738869,5.9930539131,-6.3275995255,10.6806268692
1649863739073,7.5925545692,-8.4698095322,2.3340682983
1649863739268,3.7923398018,-8.0790615082,-5.2674012184
1649863739464,-2.2346715927,-5.0052652359,-6.7436432838
1649863739659,-10.4320611954,-6.1939802170,0.9141526222
1649863739854,-1.7028422356,-5.6878080368,14.8426923752
1649863740050,5.6105766296,-7.0120959282,9.6176204681
1649863740249,8.6724987030,-8.3078804016,4.4872145653
1649863740450,4.6984357834,-8.2733259201,-5.1813917160
1649863740644,-2.3609275818,-7.1067647934,-6.9999098778
1649863740840,-11.0323791504,-5.9867630005,-1.0141303539
1649863741039,-5.3127436638,-5.9774284363,12.3884086609
1649863741236,3.9613347054,-6.4910793304,11.3249607086
1649863741432,10.3120689392,-8.5506572723,3.1370148659
1649863741633,4.9226050377,-10.2236270905,-4.5369687080
1649863741828,-2.3799138069,-7.5541386604,-8.3631000519
1649863742029,-11.1158170700,-5.1746349335,-1.9422583580
1649863742224,-2.1264047623,-5.4842777252,11.6479358673
1649863742419,4.6119999886,-6.2293715477,12.6535997391
1649863742619,8.9821376801,-8.5021076202,4.4625420570
1649863742814,7.0255360603,-9.2267169952,-5.4009990692
1649863743007,2.0932979584,-5.8117341995,-6.7706322670
1649863743204,-11.8206214905,-5.6499223709,-2.6146726608
1649863743401,-4.9792003632,-4.9380192757,12.0780410767
1649863743604,4.7694406509,-6.5500192642,11.8395290375
1649863743801,9.9838523865,-8.1258907318,5.5718417168
1649863743998,6.6850557327,-9.2375078201,-5.5763664246
1649863744195,0.4932355881,-6.5133790970,-9.0541858673
1649863744385,-11.8669090271,-5.9369239807,-1.0964658260
1649863744590,-2.7686300278,-5.4670057297,13.8069295883
1649863744785,6.5217432976,-6.7046680450,10.6437168121
1649863744979,11.6313390732,-7.2961950302,0.3690309525
1649863745181,4.0760121346,-9.3331871033,-2.6787247658
1649863745371,-2.7411541939,-6.4192652702,-9.3571815491
1649863745573,-11.7889862061,-5.9022579193,0.3311510086
1649863745772,-1.1040220261,-6.5208921432,15.2253322601
1649863745963,5.8481373787,-6.3772559166,8.2691221237
1649863746163,10.4792432785,-7.2493782043,0.7420773506
1649863746358,4.3361363411,-8.0631141663,-6.6948494911
1649863746560,-4.2351517677,-6.0584726334,-9.5841379166
1649863746755,-12.5387706757,-6.7214694023,4.8405733109
1649863746947,0.7940115929,-4.0573463440,12.7792100906
1649863747152,7.6993474960,-5.5175094604,7.9538683891
1649863747345,10.6810436249,-7.7552890778,0.1542448997
1649863747545,3.8735942841,-8.1429004669,-8.6582851410
1649863747743,-8.7580270767,-6.4809603691,-5.4811182022
1649863747932,-11.0808629990,-6.0091590881,7.4054808617
1649863748137,2.7681717873,-5.0235118866,12.3176670074
1649863748327,11.3028154373,-6.4330935478,6.1316280365
1649863748530,6.1059927940,-10.1769933701,-1.4147067070
1649863748726,1.6941914558,-5.6988101006,-10.3963031769
1649863748916,-9.4228267670,-5.7473134995,-4.6582322121
1649863749120,-5.5271759033,-5.9112482071,10.4659337997
1649863749318,4.1897993088,-5.6358609200,15.9116172791
1649863749511,9.8485164642,-8.7987117767,6.3813304901
1649863749709,3.0889873505,-8.1348428726,-5.4461450577
1649863749903,-0.1537709236,-3.9352421761,-8.7924499512
1649863750104,-11.6400222778,-5.2727823257,-0.5353345871
1649863750304,-5.5214862823,-4.6960191727,10.6940002441
1649863750496,4.3760809898,-6.0723843575,10.2585382462
1649863750694,10.0758018494,-4.1653895378,3.3552932739
1649863750889,4.8917260170,-6.8221683502,-3.3883442879
1649863751091,-1.9304780960,-5.4899721146,-5.3217005730
1649863751289,-13.7582511902,-5.9384212494,-1.3274371624
1649863751479,-0.5798196793,-5.0409426689,14.1352195740
1649863751682,4.6852345467,-5.4915251732,9.7536096573
1649863751880,11.0497446060,-6.4445147514,2.0151782036
1649863752077,3.3356714249,-6.8619947433,-5.5616006851
1649863752273,-3.7371978760,-5.5126781464,-8.2199783325
1649863752464,-12.5841293335,-5.2563228607,2.0296101570
