1650133130163,2.1501979828,-6.4545297623,2.0679495335
1650133130345,2.5733995438,-6.7827157974,0.9839591980
1650133130579,2.7756781578,-11.5461692810,-1.6416134834
1650133130760,1.3448848724,-13.9695367813,-2.3903546333
1650133130937,-4.6069431305,-12.6179313660,-0.5957046747
1650133131172,-3.1023864746,-6.2713174820,-0.6451932788
1650133131351,-8.2106895447,-6.6424436569,-3.8816840649
1650133131522,-15.1382398605,-3.4792065620,2.4881672859
1650133131765,5.4432382584,-12.9852991104,10.0884170532
1650133131940,5.4876008034,-15.9399166107,1.8300509453
1650133132119,7.4583177567,-18.5368385315,-2.9265339375
1650133132355,3.0753393173,-26.5111007690,0.4619761407
1650133132526,-12.0160293579,-18.0465202332,0.3662918806
1650133132709,-15.5609588623,-3.8841080666,-0.2081029415
1650133132947,-10.2731504440,-1.7716550827,3.3061978817
1650133133117,0.0385694504,-10.7478666306,7.0197191238
1650133133302,6.4392018318,-8.4106559753,2.7513861656
1650133133531,3.5440177917,-6.6822786331,3.0945720673
1650133133714,6.9895858765,-11.6140289307,0.9098198414
1650133133889,1.6541624069,-13.8818826675,-0.6565142870
1650133134127,-2.8475904465,-12.6205244064,0.5925088525
1650133134304,-6.0730986595,-6.2272419930,-1.6943670511
1650133134484,-6.9384918213,-4.2773933411,-2.4526007175
1650133134719,-9.5860347748,0.3015975952,-0.1753368378
1650133134898,-7.3533120155,-3.5667228699,5.5931696892
1650133135067,2.9136838913,-7.1684188843,4.6822533607
1650133135311,3.1955895424,-7.0311031342,2.9973628521
1650133135486,3.6787958145,-7.6726002693,0.8928786516
1650133135663,6.1543726921,-10.9130840302,-0.2679190636
1650133135903,-0.7666807175,-12.3021793365,2.8223097324
1650133136073,-2.9505720139,-9.4521465302,-0.0560535192
1650133136252,-5.9528179169,-5.4372272491,-3.7509231567
1650133136493,-6.4870967865,-1.7094826698,-2.6027729511
1650133136662,-9.0638065338,0.0087065697,-1.0670595169
1650133136848,-3.3077182770,-3.8119900227,6.1251754761
1650133137077,-0.8251471519,-8.3080224991,4.2389802933
1650133137258,3.8854179382,-6.4492754936,1.8353976011
1650133137437,4.2359242439,-10.2379751205,1.9098486900
1650133137674,2.9208698273,-10.9949493408,-2.4082658291
1650133137850,-2.3025856018,-11.5087661743,-0.4396364689
1650133138027,-1.9075250626,-9.1455430984,1.1497486830
1650133138263,-6.0899991989,-4.6743144989,-0.6152859926
1650133138442,-5.1159429550,-2.4904532433,-2.6850838661
1650133138614,-8.0534152985,0.4521341324,-0.0069246292
1650133138857,-4.8560562134,-3.4125475883,5.6204214096
1650133139029,0.7642097473,-7.5157990456,3.5763311386
1650133139210,1.7753543854,-7.5441079140,0.9541665316
1650133139446,1.3975360394,-6.6033668518,1.5919792652
1650133139623,5.2635235786,-8.8576374054,0.6489195824
1650133139799,1.0304799080,-10.8485336304,0.5366492271
1650133140032,-2.9871358871,-9.0302124023,0.2177212238
1650133140210,-3.3373026848,-5.2687706947,0.0126651525
1650133140390,-2.9913630486,-3.2724070549,-1.4731160402
1650133140624,-6.5180878639,-1.8881673813,-1.0344839096
1650133140803,-7.3036470413,-2.6285934448,2.4813280106
1650133140984,-1.6839365959,-5.2253484726,5.0130577087
1650133141220,5.7361898422,-7.9091758728,3.9994163513
1650133141396,1.5160570145,-3.9764122963,1.4647868872
1650133141568,1.2651495934,-5.1280069351,1.8193608522
1650133141808,3.7454147339,-9.0147905350,1.0514760017
1650133141983,0.7220449448,-10.3013305664,0.5947084427
1650133142165,-1.1049556732,-9.1483707428,-2.0431783199
1650133142399,-5.6241154671,-6.1861758232,-1.6680757999
1650133142571,-5.9312634468,-2.1482996941,-0.7326297760
1650133142757,-5.2796516418,-0.9171061516,-0.4900870323
1650133142994,-4.9187827110,-3.8115925789,3.6269059181
1650133143165,0.9330816269,-5.6459302902,7.1793951988
1650133143344,3.6473340988,-5.1063060760,3.1405818462
1650133143581,1.8813512325,-5.5924749374,1.1145734787
1650133143759,2.7018365860,-7.2899150848,-1.2710902691
1650133143938,0.9650354385,-9.1039228439,-0.6564011574
1650133144174,-0.7754459381,-9.0630302429,-1.5924315453
1650133144352,-2.0740356445,-6.6444444656,-2.6656770706
1650133144529,-3.8913736343,-4.1840376854,-2.0385127068
1650133144765,-8.3537006378,-3.3850846291,2.1414799690
1650133144943,-4.3421812057,-2.4844782352,3.6283864975
1650133145114,0.9673042297,-4.5416860580,6.3328676224
1650133145354,3.9891104698,-5.3049550056,2.8406255245
1650133145535,3.3145065308,-4.3302745819,1.5887508392
1650133145704,2.5114283562,-6.1478414536,1.3982599974
1650133145947,1.4536027908,-7.6468968391,-0.8249931335
1650133146117,-1.2310409546,-9.8809776306,0.0003243685
1650133146303,-2.7265224457,-7.6338729858,-1.7243003845
1650133146539,-2.2962718010,-4.5958256721,-1.0448770523
1650133146717,-2.6375422478,-3.1698255539,-0.2692546844
1650133146889,-4.7079119682,0.4238090515,-1.4747714996
1650133147122,-7.5227603912,-1.2355737686,1.6804018021
1650133147301,-3.0024700165,-4.4857773781,4.6658744812
1650133147480,1.9814958572,-6.1058349609,2.7295749187
1650133147716,2.7256073952,-5.5863037109,0.2567558289
1650133147897,3.8923625946,-4.6335659027,1.0471315384
1650133148076,1.8830676079,-7.4972629547,1.1170966625
1650133148311,0.9213657379,-7.1115012169,-1.4733240604
1650133148489,-2.4661846161,-6.6128354073,-0.6953988075
1650133148660,-1.0370769501,-5.1128396988,0.1367545724
1650133148896,-1.6005697250,-4.3750362396,-1.4560086727
1650133149073,-3.2428431511,-2.1099252701,-1.3271403313
1650133149249,-6.2830052376,-2.4973201752,-1.4738733768
1650133149488,-4.7838973999,-4.3213224411,4.0720767975
1650133149664,1.6551666260,-4.6743936539,5.8084850311
1650133149841,3.7961702347,-5.4889502525,3.2333846092
1650133150081,1.5484509468,-6.0742874146,1.2220065594
1650133150257,2.8315882683,-4.0545635223,-0.9551241398
1650133150431,3.4075646400,-7.7334642410,-1.2457971573
1650133150628,-1.1362905502,-9.5310802460,-0.0441761017
1650133150825,-0.9039964676,-5.8042759895,-3.6965191364
1650133151022,-0.9065914154,-5.2813429832,-1.4791202545
1650133151220,-3.7678427696,-3.8502254486,-1.5567514896
1650133151424,-7.0299720764,-2.6834373474,1.0104467869
1650133151613,-5.4245324135,-2.5926160812,3.9950807095
1650133151818,0.4237308502,-4.4410867691,5.7103757858
1650133152009,3.7032241821,-4.8192586899,1.7892208099
1650133152205,3.0608420372,-5.3315629959,0.9275445938
1650133152408,3.0592522621,-4.1780157089,0.7548561096
1650133152611,1.2062664032,-7.3065514565,0.4251186848
1650133152803,-0.7306575775,-8.1812219620,-0.5199863911
1650133152994,-0.0457372665,-6.8520011902,-1.1802556515
1650133153189,-1.3414163589,-5.2003946304,-1.1156765223
1650133153394,-2.2370486259,-3.9042634964,-2.8047108650
1650133153590,-5.9237036705,-2.6028618813,-2.5430741310
1650133153786,-7.2089567184,-1.7197871208,0.6066412926
1650133153983,-3.0949707031,-4.1769700050,3.8775315285
1650133154199,1.9263525009,-5.2812509537,4.7488040924
1650133154374,4.1284403801,-6.8643884659,1.9073204994
1650133154612,2.7345843315,-6.1885347366,0.2629169226
1650133154787,2.1463036537,-7.4133248329,-1.8660045862
1650133154969,-1.0078907013,-8.7935256958,-0.6091848612
1650133155159,-2.4357566833,-5.4080510139,-3.6915667057
1650133155363,1.2075147629,-5.7081179619,-1.9109287262
1650133155559,-2.5643415451,-4.9071803093,-0.3937175274
1650133155752,-4.9889626503,-2.7708415985,-2.2951178551
1650133155953,-6.2190589905,-1.3432564735,0.5598225594
1650133156144,-2.8405303955,-2.9341738224,4.9756231308
1650133156347,0.4262104034,-3.4345552921,5.0321826935
1650133156545,1.9158124924,-5.2454681396,2.1486971378
1650133156741,1.7246670723,-4.9966697693,-0.1514521837
1650133156937,2.3384976387,-4.5232844353,1.0709627867
1650133157128,1.4877171516,-8.2744617462,1.1161010265
1650133157333,-1.2611560822,-8.0360965729,-0.5912935734
1650133157527,0.1001214981,-7.0648279190,-2.9140348434
1650133157721,-2.1362233162,-6.1467113495,-2.1808261871
1650133157918,-3.5273475647,-4.9811272621,0.2695672512
1650133158118,-5.4774141312,-3.6527466774,1.9109926224
1650133158312,-5.0004582405,-1.9332013130,4.8580021858
1650133158509,-0.2851047516,-2.9111018181,5.7429199219
1650133158711,3.9765701294,-4.7194032669,2.1250517368
1650133158949,1.8867959976,-5.4608449936,1.1853551865
1650133159125,2.6485729218,-6.5520429611,-1.0114793777
1650133159307,2.2568688393,-7.9991259575,-1.9451375008
1650133159544,-2.4086275101,-8.1435308456,0.9757270217
1650133159690,-2.3231735229,-6.9407153130,-1.7207227945
1650133159892,-2.4322180748,-3.8449306488,-1.1026206017
1650133160089,-2.5545382500,-2.5564746857,0.0583038330
1650133160287,-4.2142963409,-1.0031080246,-1.3220236301
1650133160483,-5.7798743248,-2.4761862755,0.6705770493
1650133160674,-3.2029399872,-2.9206228256,3.8655104637
1650133160877,1.4922227859,-4.0723257065,5.2232437134
1650133161074,3.3611173630,-4.8938674927,3.9426727295
1650133161269,0.2329754829,-5.7594718933,0.6195927858
1650133161465,1.3810000420,-6.6483526230,-2.4585919380
1650133161659,1.6405105591,-6.6003446579,-1.6381787062
1650133161863,-2.3240690231,-6.2466182709,-1.2975013256
1650133162053,-0.6817302704,-5.1801052094,-1.7627990246
1650133162251,-1.3318562508,-4.9140610695,-1.1049016714
1650133162449,-2.4445648193,-3.3278312683,-0.4844572544
1650133162645,-4.3843812943,-1.8461108208,-0.2412385941
1650133162842,-6.2882485390,-2.8240125179,2.5909485817
1650133163040,-1.8152074814,-2.3158960342,5.3845891953
1650133163243,2.9981393814,-4.6753716469,4.8796596527
1650133163477,2.2942981720,-4.4234919548,0.1433928013
1650133163655,0.8689541817,-3.4168443680,1.3109149933
1650133163830,2.6399040222,-4.7286715508,0.0791883469
1650133164069,2.1576118469,-6.6628656387,-0.4725480080
1650133164246,-1.5142059326,-6.5463171005,-0.7054407597
1650133164422,0.5486459732,-5.9848895073,-3.4090318680
1650133164659,-1.9797830582,-5.7290258408,-2.4872465134
1650133164839,-3.1855072975,-4.2796030045,0.4716081619
1650133165021,-6.3008484840,-2.4825978279,1.8172144890
1650133165256,-5.6699581146,-0.8871858120,4.2264623642
1650133165434,0.8661155701,-3.4995455742,5.4104003906
1650133165607,4.0410938263,-4.6655597687,3.1349542141
1650133165849,1.1868667603,-5.3633022308,0.4222943783
1650133166023,2.7290310860,-5.7815322876,-2.3183486462
1650133166196,0.7456369400,-7.2731494904,-0.2816781998
1650133166436,-2.7607822418,-6.5070219040,-0.4179946184
1650133166619,0.3937664032,-5.9670333862,-1.7528777122
1650133166786,-1.9348344803,-5.3031301498,-1.3793900013
1650133167023,-3.8493008614,-3.6616544724,0.0838876963
1650133167202,-5.7490382195,-2.1619234085,2.1107831001
1650133167377,-4.9834828377,-1.1946179867,2.5960583687
1650133167615,-1.4925861359,-4.7468614578,5.1157302856
1650133167790,5.9577822685,-4.6010365486,1.9293270111
1650133167966,2.2034349442,-4.5311131477,0.9988420010
1650133168202,1.6104755402,-4.8134708405,-1.6391706467
1650133168382,2.3771338463,-4.9431962967,-1.8101356030
1650133168561,0.1699457169,-5.6478438377,0.2031758428
1650133168794,-1.7683391571,-6.6552124023,-0.0605920553
1650133168974,0.4690322876,-6.6804990768,-2.7516441345
1650133169152,-1.4130954742,-5.5937752724,0.4229036868
1650133169386,-5.0541934967,-2.8261518478,1.4242949486
1650133169571,-5.0447244644,-1.4558048248,-0.2690625191
1650133169741,-3.5393261909,-1.3864398003,4.1218185425
1650133169983,0.9568004608,-4.1815710068,5.4795737267
1650133170160,2.9189748764,-3.2242765427,1.0159006119
1650133170340,0.3778185844,-4.7837448120,0.5212090015
1650133170571,1.7361631393,-4.8232431412,-0.1560051441
1650133170745,1.2561435699,-5.2510533333,-1.3501031399
1650133170932,1.7440814972,-7.0064921379,-1.7349665165
1650133171164,-1.1822919846,-8.9934759140,-0.3053642511
1650133171343,-1.9850196838,-6.3259248734,-2.0272097588
1650133171519,-2.1989622116,-5.7699007988,-0.2823245525
1650133171750,-2.7182688713,-3.1806368828,0.4391872883
1650133171935,-5.7457151413,-2.6728229523,1.8062531948
1650133172103,-3.4662752151,-1.7648644447,4.9123616219
1650133172349,2.4162673950,-3.2567613125,4.7180876732
1650133172526,1.8612823486,-3.2467122078,1.8378582001
1650133172694,0.8406591415,-4.3970642090,0.4914445877
1650133172939,0.9723463058,-5.2247772217,-0.6649488211
1650133173114,1.6278243065,-5.6801090240,-2.3533289433
1650133173289,0.8263263702,-6.7115716934,0.2139984071
1650133173531,-1.5324306488,-7.3586440086,-0.0220121145
1650133173702,-1.0480203629,-7.0987062454,-2.2895851135
1650133173884,-1.1364378929,-5.4690036774,-1.5989530087
1650133174120,-3.6252021790,-3.8440361023,0.7247335911
1650133174293,-4.9869818687,-2.2926769257,2.7453455925
1650133174475,-3.4763727188,-1.4930963516,5.3956937790
1650133174706,0.9443655014,-3.3992841244,4.1802949905
1650133174883,2.0452494621,-3.8890962601,2.4153418541
1650133175057,1.4965462685,-6.6471619606,0.1955285072
1650133175294,2.0114102364,-4.7455530167,-0.7838560939
1650133175473,1.2806696892,-6.2621307373,-0.7426619530
1650133175651,0.1465463638,-7.9000530243,0.2964913845
1650133175886,-1.6430711746,-5.1702685356,-2.3818559647
1650133176062,-0.7804622650,-6.3566064835,-3.0120439529
1650133176240,-1.1564507484,-5.4443221092,-0.6443552971
1650133176479,-3.9651103020,-2.2682952881,0.4009518623
1650133176656,-6.0704483986,-2.7284898758,3.6023471355
1650133176832,-2.1793537140,-2.6135168076,6.1319589615
1650133177067,2.7549324036,-3.5709567070,3.3470034599
1650133177245,1.6592192650,-5.0471158028,1.3606386185
1650133177426,0.9826331139,-5.5491456985,-0.5062520504
1650133177660,2.1934556961,-7.0472130775,-0.3642317057
1650133177843,1.2884511948,-5.5748147964,-1.6760833263
1650133178010,-0.4065208435,-6.5741238594,0.0598579049
1650133178250,-1.5817871094,-6.8905506134,0.4551582336
1650133178435,-0.6082382202,-5.1811580658,-1.0312973261
1650133178601,-3.3032822609,-3.6065669060,0.2517126799
1650133178849,-3.2449152470,-1.7683477402,0.4086928368
1650133179025,-4.6958718300,-0.1676402092,2.6336588860
1650133179199,-3.4339323044,-1.7618266344,4.6431818008
1650133179439,0.2684450150,-3.9534931183,3.8128867149
1650133179606,1.7744517326,-4.4059929848,0.0102078915
1650133179786,0.8437261581,-4.5698046684,0.8442525864
1650133180030,1.3558826447,-4.6986703873,0.2460424602
1650133180204,2.3680510521,-4.4078674316,-0.5220276117
1650133180384,1.0403423309,-7.7295718193,1.0411862135
1650133180622,-0.8233909607,-8.4090776443,-1.5621345043
1650133180792,-1.5768289566,-7.6133475304,-2.5045566559
1650133180975,-2.8896293640,-6.2266674042,0.7967071533
1650133181210,-4.1472325325,-3.5726594925,2.9528717995
1650133181387,-5.9845728874,-0.7854170799,2.6752479076
1650133181568,-2.2002134323,-1.4843063354,4.8281440735
1650133181796,2.9224343300,-3.9902143478,4.0083198547
1650133181981,1.3763237000,-5.1468114853,2.2303912640
1650133182159,1.3183162212,-3.9084053040,-0.4271795750
1650133182392,2.5639939308,-5.8164834976,-1.0481673479
1650133182573,1.1301732063,-7.5782952309,-1.7567389011
1650133182755,-2.5984086990,-7.4390611649,2.0582659245
1650133182978,-2.6890220642,-7.6012315750,-1.4875662327
1650133183163,-0.7034430504,-5.8992562294,-1.1391975880
1650133183333,-3.3824934959,-3.9180507660,-0.4959024787
1650133183577,-4.2196726799,-2.7063069344,1.3602180481
1650133183760,-4.8153600693,-0.8450374603,2.3759438992
1650133183926,-3.3631591797,-3.0865638256,4.8155498505
1650133184164,2.2496461868,-4.6185617447,3.4966931343
1650133184338,2.3697824478,-4.2527670860,1.6104733944
1650133184523,1.8899474144,-5.1987357140,-0.5581988096
1650133184766,2.0045299530,-4.1910500526,-0.6733543873
1650133184935,1.2751874924,-7.7166156769,-1.5093040466
1650133185109,0.3895206451,-7.2819595337,2.0200638771
1650133185343,-0.8966941833,-8.6563110352,0.4178333282
1650133185527,-0.8965711594,-6.9072289467,-0.0106026530
1650133185703,-3.0510210991,-3.6866440773,0.5307325125
1650133185940,-3.1845436096,-1.0844955444,-0.7921810150
1650133186114,-6.4587416649,-1.5851044655,1.9497961998
1650133186288,-2.9537010193,-2.8308925629,4.4633407593
1650133186532,1.5398979187,-4.4234800339,3.2931623459
1650133186709,0.8191928864,-5.8663940430,1.2359199524
1650133186879,2.5481882095,-2.6317830086,-1.2991406918
