1649864807798,-0.7386322021,-0.0455627441,-1.9915008545
1649864808002,-1.8664093018,-3.5470733643,-0.6395874023
1649864808194,-1.1399688721,-4.3980712891,1.5054779053
1649864808389,0.7462768555,-0.0115966797,1.6715240479
1649864808591,1.8689270020,0.6521148682,0.8578338623
1649864808790,2.4044189453,0.9524078369,0.3048858643
1649864808987,2.0350799561,-0.4237518311,-0.7026214600
1649864809184,1.2225646973,1.0408630371,-1.4734802246
1649864809375,0.5471954346,0.9944458008,-1.9897918701
1649864809578,-0.5297088623,-0.3782501221,-2.0671844482
1649864809775,-1.8641510010,-3.6256256104,-0.8083648682
1649864809965,-1.1866912842,-4.8311767578,1.4180603027
1649864810166,1.0341796875,-1.5308990479,1.5970458984
1649864810360,2.0235443115,1.0049438477,0.8266754150
1649864810564,2.3469390869,1.0979309082,0.3090362549
1649864810757,2.0713043213,0.0935974121,-0.7632141113
1649864810957,1.4691162109,0.5865631104,-1.5494079590
1649864811154,0.7212219238,1.0898590088,-1.9407958984
1649864811344,-0.1978912354,-0.0481872559,-2.0484313965
1649864811542,-1.5556030273,-2.9191589355,-1.1699981689
1649864811745,-1.6791839600,-4.6763153076,0.9359130859
1649864811942,0.2683258057,-2.3142089844,1.7731018066
1649864812139,1.6184082031,0.1611633301,0.9820251465
1649864812332,2.2392425537,1.3690185547,0.2955322266
1649864812529,2.1912841797,0.3832702637,-0.4562530518
1649864812731,1.7773590088,0.2053222656,-1.2172241211
1649864812922,1.0823059082,1.1532592773,-1.6861877441
1649864813125,0.2021179199,0.1365356445,-2.0518493652
1649864813321,-1.3067932129,-2.3548889160,-1.5011596680
1649864813518,-2.0486907959,-4.0014343262,0.4759216309
1649864813716,-0.4654998779,-2.9720001221,1.9660186768
1649864813906,1.2638702393,0.1601104736,1.6056060791
1649864814110,2.1317291260,0.9532623291,0.9787902832
1649864814308,2.2587280273,0.7681732178,0.1986541748
1649864814500,2.0326385498,-0.2363433838,-0.8774566650
1649864814698,1.4718627930,0.4127655029,-1.5729827881
1649864814891,0.4449920654,0.0301208496,-2.0260772705
1649864815094,-0.9976348877,-1.4992523193,-1.6163024902
1649864815293,-1.9943847656,-4.2751617432,0.1949310303
1649864815486,-0.5323333740,-3.6649017334,2.0109710693
1649864815685,1.3330688477,-0.2394561768,1.5587463379
1649864815876,2.0622711182,1.0043945312,0.6483612061
1649864816081,2.2008819580,0.7970733643,-0.1339111328
1649864816276,1.8588562012,-0.0194854736,-1.1886901855
1649864816468,1.1689910889,1.0973663330,-1.8194122314
1649864816667,0.3346710205,0.6544342041,-2.0570373535
1649864816866,-0.9015960693,-1.5808563232,-1.7138519287
1649864817063,-1.9146118164,-4.2234802246,-0.0987243652
1649864817263,-0.7413177490,-3.6848754883,1.6883239746
1649864817457,1.0522003174,-0.1202087402,1.6558227539
1649864817655,2.0114440918,1.0111083984,1.0692596436
1649864817849,2.1923217773,0.7156372070,0.4455566406
1649864818046,2.0142517090,-0.4774475098,-0.6682281494
1649864818245,1.4412536621,0.0533447266,-1.4208221436
1649864818438,0.6051635742,1.0204010010,-1.8497772217
1649864818637,-0.2287902832,0.5009765625,-2.1103668213
1649864818837,-1.5299987793,-2.2209320068,-1.4910736084
1649864819035,-1.9542541504,-4.7597045898,0.4880218506
1649864819233,-0.2214050293,-2.5007781982,1.7738952637
1649864819423,1.3912811279,0.4485626221,1.4619903564
1649864819628,2.1781463623,0.9852142334,1.0109863281
1649864819823,2.2388763428,0.4293823242,0.1266937256
1649864820018,1.9612884521,0.0037994385,-0.7786102295
1649864820217,1.3531646729,0.5346374512,-1.4402465820
1649864820409,0.6485900879,0.9513092041,-1.9171600342
1649864820612,-0.6042327881,-1.3709106445,-1.8803100586
1649864820808,-1.9409332275,-3.9467010498,-0.5367736816
1649864821002,-1.3127136230,-3.6663665771,1.4400482178
1649864821203,0.7396850586,-2.2889251709,1.7346191406
1649864821398,2.0158996582,-0.1480712891,0.2979125977
1649864821596,2.2450408936,1.2286529541,-0.3837432861
1649864821790,1.9049682617,1.0278472900,-0.8594360352
1649864821991,1.3646545410,0.6408081055,-1.3700561523
1649864822188,0.9362487793,1.4636535645,-1.7113494873
1649864822381,0.1093750000,-0.1565551758,-2.1107940674
1649864822582,-1.4715423584,-3.1800537109,-1.3414764404
1649864822780,-1.7620697021,-4.6152954102,0.7749481201
1649864822970,0.0432281494,-2.3278350830,1.7322387695
1649864823174,1.5217742920,0.4425811768,1.2591247559
1649864823368,2.2129058838,0.9492950439,0.7252807617
1649864823569,2.1922607422,0.6291961670,-0.0797271729
1649864823765,1.8254394531,0.3971862793,-0.9126434326
1649864823955,1.1703338623,0.3292694092,-1.5436096191
1649864824156,0.2718658447,0.3785552979,-2.0117187500
1649864824351,-1.0837097168,-1.4615631104,-1.6014556885
1649864824550,-1.9136962891,-3.8515930176,0.0989532471
1649864824749,-0.7372741699,-3.8857421875,1.5134887695
1649864824939,0.9439544678,-0.7805023193,1.3739624023
1649864825143,1.9437561035,0.6130065918,0.7376861572
1649864825339,2.1650238037,0.7083740234,-0.0061187744
1649864825534,1.6802978516,-0.1143493652,-1.0670623779
1649864825735,1.2255096436,0.4008026123,-1.6152648926
1649864825928,0.6129760742,1.4973144531,-1.9550933838
1649864826130,-0.2832183838,-0.0060424805,-2.1643066406
1649864826327,-1.5792388916,-2.8286895752,-1.2353515625
1649864826516,-1.7477111816,-3.9787139893,0.8227691650
1649864826720,-0.0210418701,-2.0981445312,1.6785430908
1649864826914,1.4615478516,0.3301239014,1.3373107910
1649864827114,2.2397918701,0.4698181152,0.8658447266
1649864827310,2.0857849121,-0.0925292969,-0.1266326904
1649864827502,1.5265350342,-0.0129394531,-1.1405487061
1649864827706,0.9713134766,1.0348815918,-1.6657867432
1649864827903,0.1917266846,0.8540649414,-2.0139160156
1649864828100,-1.0703277588,-1.2968597412,-1.7191772461
1649864828296,-2.0704345703,-4.0951385498,-0.1629180908
1649864828487,-0.9292144775,-3.4333190918,1.3601531982
1649864828688,0.7702789307,-0.2887420654,1.2973022461
1649864828887,1.9305114746,1.0525360107,1.0394439697
1649864829081,2.3137664795,0.6068420410,0.6477508545
1649864829280,2.0721130371,-0.5251617432,-0.6050720215
1649864829472,1.5624542236,0.7812500000,-1.2977905273
1649864829672,0.8075408936,0.9387817383,-1.8013305664
1649864829874,-0.3095550537,-0.0487976074,-2.1119689941
1649864830065,-1.6458892822,-2.7104187012,-1.3609619141
1649864830269,-1.6997070312,-4.7559814453,0.6808166504
1649864830458,0.0283203125,-1.6360778809,1.7099456787
1649864830657,1.5006408691,-0.2238159180,1.4291839600
1649864830855,2.1591491699,0.7113037109,0.8821563721
1649864831051,2.1611785889,0.3787536621,-0.1733703613
1649864831252,1.8010711670,0.2759399414,-1.1269989014
1649864831448,0.9907989502,0.4951782227,-1.4692687988
1649864831645,-0.0228729248,0.9646301270,-1.9911956787
1649864831844,-0.9188232422,-1.6964416504,-1.9702453613
1649864832034,-1.8685455322,-3.7364349365,-0.3968200684
1649864832237,-0.7460174561,-3.2864685059,1.3296661377
1649864832433,1.0044860840,-0.2048797607,1.5532531738
1649864832631,2.0070495605,0.9083099365,1.3076171875
1649864832829,2.4313049316,0.5685424805,0.5610809326
1649864833019,2.1022186279,0.2814331055,-0.4985351562
1649864833221,1.2987976074,0.7244873047,-1.3361511230
1649864833413,0.5702819824,0.7401428223,-2.1044464111
1649864833614,-0.6350860596,-1.5603942871,-2.0309600830
1649864833810,-1.9593811035,-4.3151092529,-0.4382476807
1649864834003,-0.9739837646,-3.9715576172,1.4268035889
1649864834206,0.8012542725,-0.3646850586,1.5285186768
1649864834406,1.9477996826,0.5791015625,0.9674835205
1649864834598,2.4072875977,1.0031738281,0.4833679199
1649864834798,2.2433319092,-0.1679840088,-0.6060485840
1649864834990,1.4948272705,0.1926116943,-1.4384765625
1649864835188,0.4743804932,0.8452606201,-1.9407958984
1649864835390,-0.4496154785,-0.0944976807,-2.1134338379
1649864835582,-1.7027587891,-3.2098693848,-1.1022491455
1649864835785,-1.4667816162,-4.6281890869,0.9858093262
1649864835981,0.3161010742,-1.3539276123,1.5707244873
1649864836175,1.7439422607,0.3488769531,1.0670623779
1649864836374,2.2189636230,0.8945007324,0.6567993164
1649864836566,2.0432128906,0.2808227539,-0.2442321777
1649864836767,1.5156707764,0.1480255127,-1.2916870117
1649864836967,0.7446899414,1.0223541260,-1.8152008057
1649864837158,-0.2664184570,0.2358093262,-2.1637115479
1649864837360,-1.5411224365,-2.5024719238,-1.3520355225
1649864837551,-1.8395996094,-3.5795593262,0.5797119141
1649864837753,-0.1016693115,-3.4201965332,1.7415771484
1649864837953,1.5693511963,-0.6406097412,0.9968109131
1649864838146,2.1859130859,0.9418487549,0.1006774902
1649864838346,2.1392974854,1.0862579346,-0.5298614502
1649864838536,1.6575012207,-0.1136169434,-1.2583312988
1649864838737,0.9395599365,0.9638366699,-1.7438507080
1649864838937,0.2473144531,1.2763519287,-2.0390777588
1649864839131,-0.7208557129,-0.7681579590,-1.9253387451
1649864839330,-1.7985382080,-3.8089447021,-0.4342041016
1649864839524,-1.0537719727,-4.1427917480,1.3638763428
1649864839724,0.7631378174,-2.0010223389,1.5073089600
1649864839922,2.0011138916,1.4250335693,0.9263763428
1649864840115,2.2898254395,0.1141204834,-0.0138092041
1649864840315,2.0374755859,0.6499176025,-1.0014648438
1649864840519,1.5762023926,0.9189300537,-1.4074401855
1649864840706,0.8052825928,1.2130737305,-1.7817840576
1649864840908,-0.2207946777,-0.1723785400,-2.1458740234
1649864841099,-1.7298889160,-3.2882385254,-1.1616363525
1649864841299,-1.6089324951,-5.3906097412,1.0728607178
1649864841499,0.4605712891,-1.0224609375,1.5998687744
1649864841695,1.8424835205,0.6841125488,1.0616302490
1649864841893,2.2414398193,0.1905975342,0.3984069824
1649864842083,1.8603820801,-0.6184997559,-0.8530883789
1649864842284,1.3047943115,0.7488098145,-1.5269927979
1649864842480,0.6985015869,2.1615600586,-1.7580871582
1649864842681,-0.2347106934,0.3651275635,-2.1781768799
1649864842877,-1.5612182617,-3.1062622070,-1.3929138184
1649864843070,-1.5727691650,-5.0336151123,0.9596710205
1649864843273,0.6305084229,-2.8817138672,1.6688842773
1649864843465,1.9152984619,0.7414855957,0.8139190674
1649864843666,2.3397827148,1.6089782715,0.2179565430
1649864843864,2.0762023926,-0.3877716064,-0.8849639893
1649864844053,1.3714447021,0.8058624268,-1.7181396484
1649864844258,0.5663146973,1.2705535889,-2.0279083252
1649864844453,-0.4264068604,-0.4209442139,-2.0604095459
1649864844649,-1.8910217285,-3.2458496094,-0.6655426025
1649864844844,-1.3906707764,-4.8546295166,1.4725036621
1649864845039,1.0203094482,-2.5770721436,1.4081115723
1649864845238,2.0075988770,0.9314575195,0.1613922119
1649864845435,2.2479095459,0.9948120117,-0.5144805908
1649864845632,1.7806549072,0.3802185059,-1.2616271973
1649864845833,1.1315460205,1.4720153809,-1.5571136475
1649864846033,0.2677154541,1.2232055664,-1.9163513184
1649864846226,-0.7669067383,-0.5548400879,-1.8985748291
1649864846425,-1.8989715576,-3.9396057129,-0.3292083740
1649864846616,-0.8347167969,-4.1788940430,1.5208129883
1649864846818,0.9273376465,-0.1352386475,1.5123901367
1649864847015,2.0310516357,0.6062927246,0.7466583252
1649864847212,2.2785186768,0.7789306641,0.0728759766
1649864847409,1.8022308350,-0.3331604004,-0.9605865479
1649864847599,0.8539733887,0.2481384277,-1.8018798828
1649864847799,0.2871398926,1.4967498779,-2.0294952393
1649864848001,-0.6836395264,-0.4694519043,-1.9030456543
1649864848196,-1.8010559082,-3.5302124023,-0.6304779053
1649864848396,-1.1713562012,-4.2919006348,1.3712158203
1649864848584,0.6418762207,-1.9054107666,1.5534973145
1649864848784,1.8471832275,0.2052001953,0.7018280029
1649864848983,2.2608032227,0.5785522461,-0.0483856201
1649864849186,1.8659362793,0.4976196289,-1.0948028564
1649864849379,1.2204895020,0.1235351562,-1.7912597656
1649864849576,0.4689941406,1.4993286133,-1.9717102051
1649864849772,-0.4524383545,0.6723327637,-2.1273651123
1649864849972,-1.6469268799,-2.1234893799,-1.1764221191
1649864850164,-1.7645111084,-4.3622741699,0.7327270508
1649864850364,-0.0035705566,-3.1869049072,1.6564331055
1649864850560,1.3579406738,0.1465606689,1.1448822021
1649864850760,1.9636688232,0.5786895752,0.7271728516
1649864850958,2.0420532227,-0.1130065918,-0.5361633301
1649864851146,1.6288604736,0.1233978271,-1.5886840820
1649864851350,1.1058959961,0.8297424316,-1.9405517578
1649864851546,0.1793823242,1.5214996338,-2.0338897705
1649864851743,-0.9359893799,-0.3980865479,-1.8978576660
1649864851939,-1.9144287109,-3.9488372803,-0.5828247070
1649864852131,-1.0672760010,-4.4355163574,1.4307098389
1649864852336,0.7416839600,-1.1697387695,1.5577087402
1649864852533,1.8172454834,0.8796539307,0.9682159424
1649864852729,2.2251892090,0.4268798828,0.2634582520
1649864852928,1.9432067871,0.0262756348,-0.7033538818
1649864853117,1.3598327637,0.1804046631,-1.5853271484
1649864853323,0.7562255859,1.1985931396,-1.9189910889
1649864853518,-0.5813903809,-0.1697540283,-1.9249725342
1649864853713,-1.8351440430,-2.6107330322,-0.9164886475
1649864853914,-1.6163177490,-3.8524475098,1.1684112549
1649864854104,0.1838531494,-1.4388885498,1.9757385254
1649864854307,1.6309967041,0.3414764404,1.3793945312
1649864854501,2.3342285156,0.1744689941,0.4024963379
1649864854693,2.2770538330,0.2929229736,-0.5928497314
1649864854895,1.4752197266,0.0945739746,-1.3988952637
1649864855090,0.5050354004,0.6277313232,-1.9629058838
1649864855290,-0.4178619385,0.2194366455,-2.1976623535
1649864855486,-1.5348358154,-2.2476196289,-1.2756195068
1649864855679,-1.5873718262,-4.6446838379,0.8040771484
1649864855882,0.2698516846,-2.4167785645,1.7321166992
1649864856075,1.5848083496,0.6893157959,1.2379150391
1649864856275,2.1492004395,0.8756256104,0.8172760010
1649864856474,2.1841430664,-0.1336517334,-0.3605957031
1649864856664,1.6813354492,-0.7015686035,-1.4384765625
1649864856869,0.5552520752,0.3932800293,-1.8592529297
1649864857065,-0.3671569824,1.1343231201,-2.1376800537
1649864857263,-1.2930450439,-0.6574096680,-1.8943023682
1649864857458,-2.0704498291,-3.9091949463,-0.2772216797
1649864857649,-0.7967224121,-4.1295318604,1.7133026123
1649864857851,1.1171875000,-0.3545379639,1.6341857910
1649864858051,2.0499877930,0.3489379883,0.8676147461
1649864858245,2.3485870361,0.5961608887,-0.1638336182
1649864858445,2.0333099365,-0.3283233643,-1.3692016602
1649864858646,1.1920928955,0.6772766113,-1.8815460205
1649864858837,0.1330261230,0.9406890869,-2.0343780518
1649864859035,-0.9731292725,-0.4928436279,-1.8645629883
1649864859226,-1.9621276855,-3.9056549072,-0.2710418701
1649864859425,-0.7472991943,-4.2792510986,1.8943023682
1649864859623,1.2650299072,-1.0283355713,1.6566162109
1649864859823,2.1452941895,0.7341461182,0.5536193848
1649864860019,2.2256774902,0.9320068359,-0.2824096680
1649864860210,1.7363739014,0.1504669189,-1.2081756592
1649864860409,0.9062042236,0.7070922852,-1.7452545166
1649864860612,0.0836639404,0.9032440186,-1.9675598145
1649864860809,-0.9520568848,-0.8511810303,-1.8186187744
1649864861005,-1.9458923340,-3.3438262939,-0.3788604736
1649864861196,-1.0019683838,-3.9887237549,1.6852569580
1649864861401,0.9165802002,-0.3456878662,1.7484283447
1649864861595,2.0283660889,0.2926177979,0.9238128662
1649864861793,2.3445587158,0.3630523682,-0.0210266113
1649864861988,1.8415069580,-0.5843505859,-1.1936492920
1649864862181,1.1730804443,1.3938903809,-1.6769561768
1649864862384,0.2344207764,0.6550445557,-2.0419616699
1649864862581,-0.7616577148,-0.1445312500,-2.0982208252
1649864862775,-1.9005584717,-3.6397399902,-0.7897338867
1649864862973,-1.0595245361,-4.4241027832,1.5480041504
1649864863169,1.0812225342,-0.9485473633,1.6548309326
