1650125436949,0.2676239312,-0.4650475085,0.6647425890,0.5198321939,0.0000000000
1650125437185,0.2599353790,-0.6550776362,0.6887547970,0.1700696349,0.0000000000
1650125437364,-0.2574877143,0.6277374029,-0.7344146967,0.0167580955,0.0000000000
1650125437537,-0.1825243831,0.4939035177,-0.8500244021,0.0142368758,0.0000000000
1650125437779,0.2324564010,-0.2741971314,0.9318589568,0.0491813459,0.0000000000
1650125437954,0.3872835338,-0.0261918642,0.9108929038,0.1399985999,0.0000000000
1650125438136,0.5470955372,0.1571442485,0.7550023794,0.3255204856,0.0000000000
1650125438370,0.5254865885,0.2585395873,0.6242207289,0.5170779824,0.0000000000
1650125438542,0.4057930708,0.2813703716,0.5520396233,0.6718742251,0.0000000000
1650125438727,0.3426131010,-0.0390048921,0.5233480930,0.7792314291,0.0000000000
1650125438961,0.3435394466,-0.5053014755,0.5970504880,0.5197901130,0.0000000000
1650125439139,0.3148200810,-0.6733067036,0.6526551247,0.1469273120,0.0000000000
1650125439317,-0.2658277452,0.6258078814,-0.7331678867,0.0128422519,0.0000000000
1650125439547,-0.1595905572,0.4583976269,-0.8742381334,0.0104942620,0.0000000000
1650125439727,0.1952383667,-0.2271585315,0.9534004331,0.0361748934,0.0000000000
1650125439908,0.4922539592,-0.0059388652,0.8625898957,0.1165736616,0.0000000000
1650125440141,0.5559470654,0.1773795038,0.7432826757,0.3270936012,0.0000000000
1650125440322,0.4480659962,0.3141405582,0.6586394310,0.5164752603,0.0000000000
1650125440494,0.3013208508,0.3271855712,0.5734371543,0.6879863143,0.0000000000
1650125440735,0.1953098029,0.0132516818,0.5372705460,0.8203772306,0.0000000000
1650125440910,0.2318466306,-0.5682971478,0.5950372219,0.5188604593,0.0000000000
1650125441084,0.2263966799,-0.6996379495,0.6620891094,0.1445311159,0.0000000000
1650125441327,-0.2239505798,0.6185825467,-0.7529922128,0.0142999887,0.0000000000
1650125441505,0.1185365766,-0.4326148629,0.8935290575,0.0199816562,0.0000000000
1650125441681,0.2544100285,-0.1940849572,0.9457783699,0.0557660721,0.0000000000
1650125441918,0.5806754827,0.0279685799,0.7952700853,0.1719862074,0.0000000000
1650125442089,0.5662395954,0.2135163844,0.6950960755,0.3881042302,0.0000000000
1650125442270,0.3923462927,0.3902450502,0.6383096576,0.5351018310,0.0000000000
1650125442503,0.2874091864,0.3337676823,0.5385557413,0.7182985544,0.0000000000
1650125442684,0.2215185612,-0.0855924264,0.5214975476,0.8195387125,0.0000000000
1650125442858,0.1929856539,-0.5740351677,0.5943782330,0.5291074514,0.0000000000
1650125443094,0.1297542751,-0.6765458584,0.6849877834,0.2371523678,0.0000000000
1650125443271,0.0747086033,-0.5924784541,0.7927795649,0.1220182329,0.0000000000
1650125443449,0.0616413169,-0.4110702574,0.9008517861,0.1252505183,0.0000000000
1650125443685,0.2713091075,-0.2006852925,0.9312703609,0.1373038292,0.0000000000
1650125443862,0.5400867462,0.0097519048,0.8116688728,0.2222720683,0.0000000000
1650125444038,0.5168373585,0.2165353149,0.7293848991,0.3924146593,0.0000000000
1650125444277,0.3679635525,0.3593148887,0.6491825581,0.5604084730,0.0000000000
1650125444452,0.2479690611,0.2719289362,0.5308165550,0.7634132504,0.0000000000
1650125444632,0.1634116024,-0.1748905182,0.5147880912,0.8232272863,0.0000000000
1650125444867,0.1609514505,-0.6229096651,0.5920233130,0.4853725731,0.0000000000
1650125445043,0.1026565954,-0.6865215302,0.6857331395,0.2189061195,0.0000000000
1650125445225,0.1212396845,-0.5892965198,0.7939155698,0.0879127309,0.0000000000
1650125445462,0.1185115129,-0.4019939005,0.9052816629,0.0694340616,0.0000000000
1650125445637,0.2715836465,-0.1853080690,0.9392765760,0.0982991904,0.0000000000
1650125445815,0.4384060800,0.0487233438,0.8706742525,0.2176063508,0.0000000000
1650125446050,0.4883948863,0.2688626051,0.7366629243,0.3827676773,0.0000000000
1650125446231,0.3930826187,0.3744635284,0.6131746769,0.5738291740,0.0000000000
1650125446405,0.2978915572,0.2034886330,0.4914827049,0.7926523685,0.0000000000
1650125446643,0.2323524207,-0.3128029406,0.4902885854,0.7796049118,0.0000000000
1650125446820,0.2402254939,-0.7063354254,0.5587867498,0.3621316254,0.0000000000
1650125446999,0.2711074650,-0.6979035735,0.6604037285,0.0574305803,0.0000000000
1650125447233,-0.2678466141,0.5452794433,-0.7934980989,0.0359068364,0.0000000000
1650125447413,0.3579510748,-0.3361790478,0.8707103729,0.0267974194,0.0000000000
1650125447587,0.5707024336,-0.0827015191,0.8072319627,0.1258401871,0.0000000000
1650125447826,0.7046409845,0.0929109752,0.6205366254,0.3313350379,0.0000000000
1650125448004,0.5913903713,0.2189463824,0.5508577824,0.5466951728,0.0000000000
1650125448181,0.4131424129,0.1997855902,0.4857125580,0.7439639568,0.0000000000
1650125448417,0.2808349431,-0.1880195439,0.4731593132,0.8135727644,0.0000000000
1650125448591,0.2755053937,-0.6377262473,0.5527917743,0.4602425694,0.0000000000
1650125448771,0.2895621955,-0.6915991902,0.6497986317,0.1249240339,0.0000000000
1650125449009,0.2310516834,-0.5602776408,0.7953220010,0.0129214572,0.0000000000
1650125449184,0.2611433566,-0.3552805781,0.8963723183,0.0457882322,0.0000000000
1650125449364,0.5034797788,-0.0945580229,0.8541467190,0.0894441530,0.0000000000
1650125449596,0.5991867185,0.1260484010,0.7383954525,0.2825937569,0.0000000000
1650125449776,0.5248212218,0.3040112257,0.6420389414,0.4689625204,0.0000000000
1650125449956,0.3798983395,0.3859764040,0.5391849875,0.6449643373,0.0000000000
1650125450191,0.2552846670,0.1393611580,0.4775108099,0.8290908337,0.0000000000
1650125450368,0.1888318211,-0.4168373644,0.5268345475,0.7162642479,0.0000000000
1650125450550,0.3013444841,-0.7557907104,0.5502426624,0.1876298487,0.0000000000
1650125450779,-0.3239976764,0.6928889155,-0.6428738832,0.0405420363,0.0000000000
1650125450959,-0.2740113437,0.5166618228,-0.8097941279,0.0470298678,0.0000000000
1650125451132,0.3394384384,-0.2819520533,0.8970510364,0.0241668187,0.0000000000
1650125451373,0.6547548175,-0.0629997998,0.7419389486,0.1298220754,0.0000000000
1650125451552,0.6169867516,0.1699613035,0.6945298314,0.3287382722,0.0000000000
1650125451726,0.4645977616,0.3514585197,0.6334569454,0.5092721581,0.0000000000
1650125451963,0.3318349421,0.2784958184,0.5111608505,0.7423208356,0.0000000000
1650125452138,0.2368653864,-0.1811678708,0.4580525756,0.8374131918,0.0000000000
1650125452320,0.2773982286,-0.6638208628,0.5305687785,0.4482062459,0.0000000000
1650125452555,0.2752299309,-0.7221925259,0.6223682165,0.1238719746,0.0000000000
1650125452734,-0.2419288754,0.6062649488,-0.7574820518,0.0115835639,0.0000000000
1650125452909,-0.1878785193,0.4168432057,-0.8893470764,0.0022769158,0.0000000000
1650125453142,0.4204128683,-0.1940843165,0.8862467408,0.0122898351,0.0000000000
1650125453325,0.5585492253,0.0093785822,0.8096222281,0.1801295131,0.0000000000
1650125453502,0.5632672906,0.2115510851,0.7093941569,0.3670639992,0.0000000000
1650125453740,0.4270333648,0.3370690048,0.6070780158,0.5792092085,0.0000000000
1650125453912,0.2461034954,0.2607544661,0.5050964355,0.7850590944,0.0000000000
1650125454097,0.1720394939,-0.2735798359,0.4895175397,0.8098944426,0.0000000000
1650125454329,0.2563525140,-0.7326616645,0.5330153704,0.3367266655,0.0000000000
1650125454509,0.2624127269,-0.7349970341,0.6221015453,0.0625181943,0.0000000000
1650125454680,0.2050854862,-0.5786205530,0.7893338799,0.0094948625,0.0000000000
1650125454921,0.2447120845,-0.3705385327,0.8956847191,0.0237911269,0.0000000000
1650125455101,0.5284093618,-0.1415387243,0.8353815675,0.0537397303,0.0000000000
1650125455278,0.6664605141,0.0580503754,0.7065024376,0.2309002280,0.0000000000
1650125455513,0.5788816214,0.2379944772,0.6466618776,0.4359852076,0.0000000000
1650125455685,0.3981350064,0.3288871348,0.5679410100,0.6409093738,0.0000000000
1650125455861,0.2371543944,0.1069150567,0.5000764728,0.8259845376,0.0000000000
1650125456099,0.1946898401,-0.4930538535,0.5141615868,0.6742637753,0.0000000000
1650125456277,0.1900859624,-0.7211169600,0.5986987948,0.2922626436,0.0000000000
1650125456453,0.1440489441,-0.6587504745,0.7255185843,0.1375519037,0.0000000000
1650125456688,0.0581904687,-0.4706069529,0.8740184903,0.1059937179,0.0000000000
1650125456867,0.1324051619,-0.2305164337,0.9593356848,0.0949003249,0.0000000000
1650125457043,0.5185952187,-0.0214222446,0.8448250294,0.1298872828,0.0000000000
1650125457279,0.6516312361,0.1276897937,0.6691671014,0.3335977197,0.0000000000
1650125457457,0.4738419652,0.3080288470,0.6445142031,0.5149693489,0.0000000000
1650125457635,0.2502973676,0.3705388010,0.5631869435,0.6948903799,0.0000000000
1650125457871,0.1185798571,0.0258863699,0.4868746996,0.8649981022,0.0000000000
1650125458048,0.1615933478,-0.6022961140,0.5197609663,0.5839310288,0.0000000000
1650125458225,0.1276815534,-0.6738601923,0.6702018976,0.2836182117,0.0000000000
1650125458463,0.1691897362,-0.5865439177,0.7905013561,0.0494840592,0.0000000000
1650125458638,-0.2317632437,0.4116124213,-0.8813787699,0.0057029626,0.0000000000
1650125458821,0.5096511841,-0.1849338561,0.8400613666,0.0187620446,0.0000000000
1650125459061,0.6908191442,0.0089440579,0.6940639615,0.2023959458,0.0000000000
1650125459234,0.6281683445,0.1823469996,0.6209703088,0.4319142401,0.0000000000
1650125459414,0.4146203101,0.3398516178,0.5643781424,0.6277485490,0.0000000000
1650125459646,0.2282313108,0.1746917069,0.4747465551,0.8318707943,0.0000000000
1650125459822,0.1293088645,-0.3462489247,0.4910952151,0.7888069749,0.0000000000
1650125460003,0.2193750143,-0.7143663764,0.5836535692,0.3176535368,0.0000000000
1650125460240,0.2455164343,-0.7013218403,0.6672770977,0.0510944463,0.0000000000
1650125460414,-0.1812777668,0.5455572605,-0.8181469440,0.0118852463,0.0000000000
1650125460597,0.2445362955,-0.3300133049,0.9113654494,0.0265752152,0.0000000000
1650125460833,0.6549776196,-0.1414983720,0.7368069291,0.0899895057,0.0000000000
1650125461011,0.6852967143,0.0477697439,0.6523003578,0.3202978671,0.0000000000
1650125461180,0.5250554085,0.2800349891,0.6201010346,0.5112454891,0.0000000000
1650125461425,0.3395977318,0.3215608597,0.5226913691,0.7127872705,0.0000000000
1650125461599,0.1769045144,0.0139868045,0.4697198272,0.8647961617,0.0000000000
1650125461774,0.1813925654,-0.5652980804,0.5529651642,0.5846061707,0.0000000000
1650125462012,0.2208712399,-0.7002538443,0.6542152762,0.1812809706,0.0000000000
1650125462186,-0.2819640338,0.5967326760,-0.7482290268,0.0675256029,0.0000000000
1650125462370,-0.2717906833,0.4214500189,-0.8627305031,0.0648523048,0.0000000000
1650125462603,0.5010510087,-0.1906811297,0.8441471457,0.0020379014,0.0000000000
1650125462781,0.6274117827,0.0191905349,0.7484351993,0.2140815854,0.0000000000
1650125462960,0.5363351703,0.2464021742,0.6782029867,0.4378028512,0.0000000000
1650125463191,0.3156540096,0.3739872575,0.5860884786,0.6457526088,0.0000000000
1650125463372,0.1528647989,0.1460016817,0.4945161939,0.8430715203,0.0000000000
1650125463550,0.1016013324,-0.3622413874,0.5423337817,0.7512206435,0.0000000000
1650125463788,0.2633228600,-0.7435711026,0.5595356226,0.2543285489,0.0000000000
1650125463966,0.2425116748,-0.6571741700,0.7071430683,0.0962227508,0.0000000000
1650125464142,0.1691289246,-0.4560098648,0.8700438738,0.0804615542,0.0000000000
1650125464377,0.3903531134,-0.1996308714,0.8970786929,0.0549704842,0.0000000000
1650125464557,0.5644774437,0.0416913368,0.7988666296,0.2035659999,0.0000000000
1650125464730,0.5489066839,0.2340070903,0.6855996251,0.4170075357,0.0000000000
1650125464973,0.4053779244,0.2839365602,0.5661511421,0.6591826081,0.0000000000
1650125465152,0.2554924190,0.0423966274,0.4666655064,0.8456650972,0.0000000000
1650125465331,0.1687221378,-0.4534648359,0.4895961583,0.7253951430,0.0000000000
1650125465567,0.1483826935,-0.6952471733,0.5960058570,0.3733509481,0.0000000000
1650125465738,0.1547455490,-0.6520144939,0.7287691236,0.1408067346,0.0000000000
1650125465922,0.1071432233,-0.4603626430,0.8737055063,0.1150011867,0.0000000000
1650125466156,0.2822291851,-0.2260732651,0.9261541367,0.1071265042,0.0000000000
1650125466328,0.5999764800,-0.0121801905,0.7763110995,0.1929273009,0.0000000000
1650125466511,0.5805214643,0.1770755649,0.6843096614,0.4041773975,0.0000000000
1650125466741,0.4623879194,0.2282215208,0.5691732168,0.6404327750,0.0000000000
1650125466926,0.2695188522,0.1135687083,0.5029497743,0.8133285046,0.0000000000
1650125467103,0.1641510129,-0.3005520701,0.5502070189,0.7615741491,0.0000000000
1650125467333,0.1902106255,-0.6201960444,0.6385662556,0.4140168130,0.0000000000
1650125467513,0.1970145702,-0.6431293488,0.7251184583,0.1475570202,0.0000000000
1650125467687,0.1019221917,-0.4824558794,0.8653369546,0.0896668881,0.0000000000
1650125467931,0.1822874844,-0.2494966239,0.9485869408,0.0685965493,0.0000000000
1650125468106,0.4647977948,-0.0149720320,0.8735676408,0.1435912400,0.0000000000
1650125468281,0.5043445826,0.1783244163,0.7619619966,0.3650353849,0.0000000000
1650125468523,0.3461831808,0.3007705808,0.6677444577,0.5863544941,0.0000000000
1650125468696,0.2239036113,0.1596093625,0.5639661551,0.7786746621,0.0000000000
1650125468876,0.1919123530,-0.3221413493,0.5140658021,0.7714473009,0.0000000000
1650125469110,0.2417583168,-0.7058641911,0.5500948429,0.3751057386,0.0000000000
1650125469284,0.1929611564,-0.6918929219,0.6806433201,0.1441347897,0.0000000000
1650125469465,0.1487883031,-0.5411460996,0.8262916803,0.0475923121,0.0000000000
1650125469704,0.1813828647,-0.3355406225,0.9227846861,0.0546001717,0.0000000000
1650125469882,0.4983800948,-0.1210022941,0.8550772071,0.0762804374,0.0000000000
1650125470062,0.5721183419,0.0499834679,0.7682284117,0.2828558087,0.0000000000
1650125470291,0.4360113442,0.2514507174,0.7117431760,0.4899880588,0.0000000000
1650125470473,0.2510890067,0.2631462216,0.6174934506,0.6974311471,0.0000000000
1650125470649,0.1495265067,-0.0427564457,0.5168023705,0.8418604732,0.0000000000
1650125470888,0.1638326645,-0.6090027690,0.5013954043,0.5923488140,0.0000000000
1650125471065,0.1929444373,-0.7463541031,0.5968925953,0.2223672569,0.0000000000
1650125471235,0.1174504235,-0.5928780437,0.7819515467,0.1524886042,0.0000000000
1650125471478,-0.1035630479,-0.3385380507,0.9205477834,0.1651015431,0.0000000000
1650125471652,0.1423262507,-0.1068367884,0.9807856679,0.0799285844,0.0000000000
1650125471835,0.5526271462,0.0341920331,0.8064393997,0.2075805813,0.0000000000
1650125472066,0.5271968246,0.1650324464,0.7086793184,0.4388638437,0.0000000000
1650125472236,0.2418880612,0.3752493560,0.6524790525,0.6123309135,0.0000000000
1650125472420,0.1348533332,0.1187110841,0.5329075456,0.8268807530,0.0000000000
1650125472660,0.1125549003,-0.4766079187,0.5045315027,0.7110725641,0.0000000000
1650125472831,0.1493171901,-0.7244877219,0.6028363705,0.2990154922,0.0000000000
1650125473013,0.1792987585,-0.6515963674,0.7334704995,0.0727680922,0.0000000000
1650125473246,0.0445726775,-0.4613417089,0.8814740777,0.0904462337,0.0000000000
1650125473425,0.2865944803,-0.2448432446,0.9230428338,0.0768588558,0.0000000000
1650125473606,0.5834447145,-0.0421348065,0.7838135958,0.2084543258,0.0000000000
1650125473837,0.5673107505,0.1858280897,0.6891490221,0.4107310772,0.0000000000
1650125474020,0.3984064758,0.3413009346,0.6025957465,0.6013852954,0.0000000000
1650125474195,0.2412982583,0.2222381085,0.4889517426,0.8082768917,0.0000000000
1650125474433,0.1674140394,-0.2874681950,0.4998578727,0.7996728420,0.0000000000
1650125474609,0.1937831789,-0.6598592997,0.5943010449,0.4169413149,0.0000000000
1650125474781,0.2113298476,-0.6888359189,0.6831935048,0.1187075004,0.0000000000
1650125475026,0.0661638528,-0.5300537944,0.8416880369,0.0789082646,0.0000000000
1650125475198,0.1191755086,-0.3246882260,0.9356259108,0.0705612600,0.0000000000
1650125475379,0.4528656602,-0.1162072271,0.8769945502,0.1108561829,0.0000000000
1650125475612,0.5959501266,0.0679488704,0.7386254072,0.3076668084,0.0000000000
1650125475787,0.4766567647,0.2754833400,0.6716707349,0.4957475960,0.0000000000
1650125475970,0.2960598469,0.3474300802,0.5656395555,0.6867989302,0.0000000000
1650125476206,0.2425983548,-0.0087574953,0.4603312016,0.8539113402,0.0000000000
1650125476383,0.2259164155,-0.5024558902,0.5481001735,0.6293536425,0.0000000000
1650125476560,0.2079387456,-0.6630554199,0.6675278544,0.2674426436,0.0000000000
1650125476791,0.1563450992,-0.5925860405,0.7877166867,0.0624534674,0.0000000000
1650125476972,0.0139340749,-0.4108380675,0.9101407528,0.0515920259,0.0000000000
1650125477147,0.2851584852,-0.1785916090,0.9416631460,0.0077564013,0.0000000000
1650125477388,0.5547898412,0.0389444157,0.8155938983,0.1596812159,0.0000000000
1650125477565,0.4668784738,0.2868446410,0.7611475587,0.3469856977,0.0000000000
1650125477741,0.2861550450,0.4748029411,0.6336742043,0.5395687222,0.0000000000
1650125477977,0.1894997507,0.2911487222,0.5121064782,0.7855375409,0.0000000000
1650125478157,0.1690311879,-0.3006402850,0.5413026810,0.7668346167,0.0000000000
1650125478329,0.2222294062,-0.6663483381,0.6306046247,0.3300481737,0.0000000000
1650125478567,0.1358568370,-0.6367163658,0.7495234013,0.1197908223,0.0000000000
1650125478742,0.0230407864,-0.4685252607,0.8784415126,0.0910695940,0.0000000000
1650125478923,0.1870879531,-0.2461538911,0.9502585530,0.0376170650,0.0000000000
1650125479163,0.5101533532,0.0039207870,0.8541099429,0.1011157036,0.0000000000
1650125479328,0.5833742619,0.1913738549,0.7160024047,0.3322515190,0.0000000000
1650125479517,0.3810361922,0.3814424574,0.6577607989,0.5259884596,0.0000000000
1650125479750,0.2669835985,0.2678667903,0.5253680944,0.7622043490,0.0000000000
1650125479927,0.1842639744,-0.2460889369,0.5020511746,0.8083512187,0.0000000000
1650125480110,0.2228818834,-0.6847157478,0.5784477592,0.3832573593,0.0000000000
1650125480337,0.2124608010,-0.7021005750,0.6759171486,0.0710716844,0.0000000000
1650125480520,0.1356277168,-0.5287916660,0.8366056681,0.0455572195,0.0000000000
1650125480701,0.2479116470,-0.2866214216,0.9252482653,0.0174234696,0.0000000000
1650125480932,0.5742049217,-0.0395463333,0.8149377108,0.0678327903,0.0000000000
1650125481110,0.5321266651,0.1847978383,0.7812878489,0.2688499391,0.0000000000
1650125481293,0.4149553776,0.3374459743,0.6899184585,0.4878060520,0.0000000000
1650125481523,0.2703215480,0.3499929607,0.5618162155,0.6991378069,0.0000000000
1650125481702,0.2321885675,-0.1333499104,0.4938893318,0.8272723556,0.0000000000
1650125481873,0.2594949603,-0.6660280228,0.5276552439,0.4589650929,0.0000000000
1650125482113,0.2281400710,-0.7492319942,0.6084200740,0.1281737238,0.0000000000
1650125482295,0.1298418790,-0.6097813249,0.7807541490,0.0416023843,0.0000000000
1650125482472,0.0743607581,-0.3881372809,0.9181218147,0.0295334887,0.0000000000
1650125482705,0.3907779157,-0.1362519413,0.9099031687,0.0283589400,0.0000000000
1650125482877,0.5538617373,0.0833257735,0.8031463027,0.2031010389,0.0000000000
1650125483054,0.4715404510,0.2722124457,0.7276042700,0.4173032641,0.0000000000
1650125483297,0.2929983735,0.3581933677,0.6299738288,0.6236845851,0.0000000000
1650125483475,0.2316262573,0.0539924800,0.5204818249,0.8200809360,0.0000000000
1650125483653,0.2531032562,-0.5174401999,0.5130687356,0.6363606453,0.0000000000
1650125483882,0.2651092410,-0.7335749269,0.5845696926,0.2233006656,0.0000000000
1650125484068,0.1646091640,-0.6521039605,0.7357229590,0.0798496753,0.0000000000
1650125484239,0.0501953848,-0.4435938299,0.8923236132,0.0668092519,0.0000000000
1650125484482,0.2277632654,-0.1795218736,0.9563560486,0.0357608758,0.0000000000
1650125484653,0.5390321016,0.0302703753,0.8287233710,0.1474642903,0.0000000000
1650125484828,0.4648794532,0.2512023747,0.7777941823,0.3403244019,0.0000000000
1650125485073,0.3162953854,0.3910022080,0.6641784906,0.5531197190,0.0000000000
1650125485246,0.2919664681,0.1520615220,0.4963112175,0.8033106923,0.0000000000
1650125485424,0.2536343932,-0.3948475718,0.4690065682,0.7481963634,0.0000000000
1650125485661,0.2182328552,-0.7236725688,0.5417289734,0.3676984906,0.0000000000
1650125485836,0.2354595065,-0.7036763430,0.6626557708,0.1014184505,0.0000000000
1650125486018,0.0988920778,-0.5174165964,0.8461740017,0.0805602223,0.0000000000
1650125486252,0.1869958341,-0.2816502154,0.9401708245,0.0422439352,0.0000000000
1650125486425,0.4992567003,-0.0380796678,0.8617292643,0.0819472969,0.0000000000
1650125486610,0.5367202163,0.1847167909,0.7784984112,0.2678644359,0.0000000000
1650125486836,0.4083759785,0.3154424429,0.6939683557,0.5021284819,0.0000000000
1650125487025,0.2714158297,0.2726842761,0.5676104426,0.7278702855,0.0000000000
1650125487202,0.2621744275,-0.1961816549,0.4777749181,0.8151738644,0.0000000000
1650125487431,0.2559548020,-0.6296712160,0.5436487198,0.4923894703,0.0000000000
1650125487609,0.2476331890,-0.6959053278,0.6554271579,0.1575079560,0.0000000000
1650125487787,0.1354860067,-0.5706208348,0.8071978092,0.0668363869,0.0000000000
1650125488026,0.1313230991,-0.3700466454,0.9186866879,0.0428312607,0.0000000000
1650125488206,0.3968223631,-0.1351994276,0.9060378075,0.0578670502,0.0000000000
1650125488376,0.5228941441,0.0952225402,0.8130633235,0.2375761569,0.0000000000
1650125488619,0.4453433156,0.3096502423,0.7226082087,0.4285130203,0.0000000000
1650125488792,0.3220705092,0.3428599536,0.5889442563,0.6571623087,0.0000000000
1650125488973,0.2757924795,-0.0367075652,0.4545544088,0.8461508751,0.0000000000
1650125489204,0.2041472942,-0.4810319841,0.5391675830,0.6604773998,0.0000000000
1650125489380,0.2853252590,-0.7119527459,0.6057465076,0.2116222680,0.0000000000
1650125489568,0.2457596809,-0.6153194904,0.7471607327,0.0522961728,0.0000000000
1650125489798,0.1656343639,-0.4260524511,0.8884234428,0.0418127216,0.0000000000
1650125489975,0.3608501554,-0.1814392209,0.9136027098,0.0468722098,0.0000000000
1650125490156,0.5121767521,0.0553627498,0.8341514468,0.1969804466,0.0000000000
1650125490386,0.4780206084,0.2538549304,0.7295604348,0.4180855751,0.0000000000
1650125490570,0.3456594348,0.2963091731,0.6089556813,0.6495332718,0.0000000000
1650125490743,0.2923983335,-0.0232070349,0.5133718848,0.8064824343,0.0000000000
1650125490983,0.3191485107,-0.5555300117,0.5190646648,0.5657760501,0.0000000000
1650125491161,0.2709611952,-0.6912545562,0.6267398596,0.2365255356,0.0000000000
1650125491334,0.2097005993,-0.5964022279,0.7721142173,0.0645729452,0.0000000000
1650125491576,0.0792077184,-0.3966741562,0.9131076932,0.0510886982,0.0000000000
1650125491751,0.2878552973,-0.1604592353,0.9439579844,0.0183153804,0.0000000000
1650125491923,0.5468785763,0.0385019146,0.8236155510,0.1452544332,0.0000000000
1650125492166,0.4806055725,0.2242504507,0.7690101862,0.3568660319,0.0000000000
1650125492339,0.2909739017,0.3474011421,0.6768306494,0.5801265836,0.0000000000
1650125492520,0.2310036123,0.0991650447,0.5401253104,0.8031614423,0.0000000000
1650125492758,0.2302753180,-0.4503178000,0.5198017955,0.6884716749,0.0000000000
1650125492928,0.3184047341,-0.7562589645,0.5282981396,0.2181556076,0.0000000000
1650125493108,0.2463577837,-0.6649435759,0.6994296312,0.0891964585,0.0000000000
