1649863518425,-9.6853456497,-5.1692905426,1.0286457539
1649863518620,1.7278804779,-4.7164998055,11.0269031525
1649863518818,8.6417913437,-4.5065579414,5.6962051392
1649863519014,10.4682750702,-5.6323122978,-2.6830811501
1649863519218,5.2135996819,-7.0681800842,-5.4417009354
1649863519416,0.3716812134,-6.9800682068,-6.7383995056
1649863519612,-8.2860345840,-5.4366359711,1.5314908028
1649863519808,-5.6826000214,-1.7501714230,7.8644495010
1649863519999,4.2326526642,-3.4952228069,9.2615461349
1649863520203,8.0732116699,-4.5534439087,1.3141248226
1649863520393,9.1195049286,-7.3885579109,-3.0738921165
1649863520595,2.3409614563,-7.0669326782,-9.1147956848
1649863520793,-6.0610895157,-6.2174043655,-7.6582150459
1649863520987,-6.7349805832,-5.3077993393,7.0812063217
1649863521189,8.0472202301,-4.3021121025,12.5509138107
1649863521385,4.5715813637,-5.7062749863,4.4258413315
1649863521575,10.8078994751,-7.2732129097,-3.3906369209
1649863521775,3.7413940430,-8.5948905945,-3.2747645378
1649863521972,-1.1788477898,-6.1351780891,-7.6622190475
1649863522173,-8.7677764893,-6.0785150528,-4.8765077591
1649863522369,-4.6337852478,-4.2997226715,10.1633777618
1649863522560,7.9833979607,-5.7137279510,11.0873241425
1649863522764,9.3520717621,-5.8506217003,0.9450426102
1649863522962,7.2024984360,-8.3460626602,-3.2023391724
1649863523158,1.5413322449,-7.6700997353,-6.4973359108
1649863523354,-3.5840272903,-6.6462464333,-6.3646187782
1649863523545,-9.2208347321,-4.9188051224,2.7115545273
1649863523746,2.0888872147,-4.2396173477,10.5328760147
1649863523946,8.1882171631,-5.8356518745,8.5661916733
1649863524143,10.0485401154,-8.3341045380,1.2278575897
1649863524340,1.4928855896,-10.5273170471,-5.4739341736
1649863524533,1.7616801262,-4.7379903793,-8.0557804108
1649863524730,-5.3910675049,-6.2471318245,-5.1828312874
1649863524927,-6.2288751602,-5.2628307343,8.1047611237
1649863525123,5.2227554321,-5.5781741142,10.4381122589
1649863525320,10.1142959595,-5.7510700226,5.4138340950
1649863525519,6.7042250633,-8.8572235107,0.2100758553
1649863525719,2.6346487999,-7.1822204590,-3.7021236420
1649863525914,0.6960535049,-4.6696710587,-7.7132959366
1649863526110,-6.0260190964,-5.4076299667,-3.0506811142
1649863526310,-6.5325050354,-4.3844685555,8.0673551559
1649863526508,6.0022659302,-5.0184369087,11.7240247726
1649863526705,8.1901702881,-6.0171651840,4.7998332977
1649863526902,6.7107686996,-8.3529720306,-1.3039417267
1649863527092,3.0384459496,-7.2844352722,-4.5507135391
1649863527296,0.2263884544,-6.2043147087,-9.4747123718
1649863527493,-6.4353489876,-5.5397844315,-1.9580678940
1649863527691,-5.3394107819,-3.4959006310,10.2878952026
1649863527887,5.8655972481,-5.4658026695,10.8784093857
1649863528078,8.4843978882,-6.1392922401,2.8707251549
1649863528280,8.5075006485,-8.7464179993,-1.4311547279
1649863528474,0.8773293495,-7.4464864731,-5.3584928513
1649863528670,-0.1145191193,-4.8843684196,-7.4616355896
1649863528871,-6.8674831390,-5.4604444504,-2.2517509460
1649863529063,-4.0620441437,-4.0892810822,9.0488843918
1649863529266,6.5141997337,-5.4798994064,12.1952915192
1649863529461,8.6207733154,-6.0549201965,3.8043222427
1649863529656,6.6002292633,-8.5702352524,-1.6448602676
1649863529858,2.2535071373,-7.6038875580,-5.7025823593
1649863530055,-0.8445162773,-6.4202203751,-9.2924308777
1649863530252,-8.9129409790,-4.7132325172,-0.1204824448
1649863530445,-1.8104076385,-3.3377528191,11.0046834946
1649863530639,8.2743835449,-4.1158046722,9.2386322021
1649863530842,5.9755592346,-6.2717781067,1.0903961658
1649863531039,7.5515351295,-7.0235433578,-0.2077035904
1649863531235,3.1370882988,-7.1773557663,-2.8204836845
1649863531432,-0.5382699966,-5.8158297539,-8.6358451843
1649863531624,-7.8478107452,-5.6573047638,-2.7708892822
1649863531824,-3.5806283951,-4.4628896713,11.0935621262
1649863532025,7.3881149292,-4.4440169334,11.2305879593
1649863532223,6.0775623322,-6.4745678902,3.2119905949
1649863532416,8.0008630753,-7.3092823029,-2.1606988907
1649863532609,3.7191033363,-7.1382474899,-4.1243710518
1649863532810,-1.0992555618,-6.8362665176,-7.7104177475
1649863533011,-7.7918405533,-4.9880547523,0.0805246830
1649863533207,-1.8238344193,-4.5000295639,10.0692691803
1649863533403,9.4660692215,-5.0086765289,11.9318199158
1649863533595,6.4266052246,-6.3482580185,-0.3654961586
1649863533798,6.6669216156,-7.3454399109,1.9792494774
1649863533995,3.0522508621,-6.4003477097,-4.6382389069
1649863534192,0.3191514015,-6.5603470802,-8.0940589905
1649863534389,-7.0893015862,-4.8835706711,-3.8979368210
1649863534589,-4.2549276352,-5.4801392555,10.8060169220
1649863534783,7.4781422615,-5.2082109451,11.5639514923
1649863534979,9.1279735565,-5.8109664917,2.8105075359
1649863535172,5.7207880020,-9.8661203384,-1.3150568008
1649863535374,1.6982889175,-6.5435285568,-7.3176288605
1649863535571,0.0242862701,-5.5704145432,-5.2534351349
1649863535769,-9.7609376907,-4.7965168953,0.1244776249
1649863535966,-2.4722528458,-2.4176778793,8.7367877960
1649863536156,4.6757230759,-3.8846940994,10.0805892944
1649863536357,7.5397663116,-6.1322660446,3.5933732986
1649863536557,9.3063793182,-6.8995189667,-2.4892911911
1649863536754,1.5378289223,-7.8710379601,-2.8338351250
1649863536951,-0.2303490639,-5.2630681992,-5.1925344467
1649863537141,-6.2972731590,-4.7774381638,-4.6108899117
1649863537342,-6.8005743027,-4.1639986038,7.5588426590
1649863537542,3.9887022972,-4.0738134384,10.6307792664
1649863537735,5.3611450195,-5.4366183281,4.9319791794
1649863537932,11.6310939789,-5.5478668213,-1.6695694923
1649863538126,2.3337597847,-8.9535808563,0.8679423332
1649863538327,0.9794340134,-5.9397950172,-5.3769350052
1649863538525,-5.1809515953,-5.4457077980,-6.4596500397
1649863538726,-7.8165335655,-4.6432304382,3.8104224205
1649863538920,2.1625547409,-3.5734364986,11.5773363113
1649863539118,3.5898318291,-4.9225473404,7.3826856613
1649863539316,9.8993206024,-4.5717196465,0.6873064041
1649863539513,5.6710076332,-8.2898893356,-2.0240807533
1649863539706,2.1752042770,-7.3324756622,-6.4129896164
1649863539906,-4.2958521843,-6.3621740341,-4.1799445152
1649863540102,-8.7185344696,-2.8540754318,4.2751135826
1649863540299,2.5199441910,-3.9004540443,9.7453098297
1649863540497,3.2849044800,-5.1422967911,8.7896804810
1649863540688,9.9659099579,-6.3692035675,0.5061392784
1649863540888,7.3116044998,-9.0222406387,-2.1021738052
1649863541087,2.0324935913,-9.1322326660,-4.9898881912
1649863541285,-5.5127711296,-6.4461770058,-6.2350578308
1649863541482,-8.7203330994,-3.7708251476,3.8605878353
1649863541673,1.8597383499,-3.5774686337,11.3640079498
1649863541876,6.6548299789,-5.6638979912,7.8173270226
1649863542073,9.3128013611,-5.5082573891,-0.2643394470
1649863542271,4.6535015106,-8.5556936264,-2.0568976402
1649863542468,0.5866527557,-6.3031201363,-7.3500862122
1649863542658,-2.0115427971,-5.3944826126,-5.3774595261
1649863542862,-8.9371490479,-4.2719292641,3.5873906612
1649863543058,0.6780872345,-3.0007286072,9.8271150589
1649863543253,3.8869185448,-5.2802591324,8.6569023132
1649863543453,8.6294441223,-5.4092998505,-0.4309535027
1649863543644,7.7276663780,-6.8772640228,-0.8437972069
1649863543845,2.3732647896,-8.9623308182,-2.7089285851
1649863544041,-2.9486169815,-6.5482025146,-6.4735741615
1649863544237,-8.7001829147,-4.2338004112,2.8763997555
1649863544435,-0.6881494522,-2.5629472733,8.9109601974
1649863544636,5.3535723686,-5.1265130043,10.6896095276
1649863544833,5.3027286530,-5.5228171349,0.8109850883
1649863545029,9.7729644775,-6.8429493904,0.1585516930
1649863545220,0.3481221199,-8.3412065506,-0.2233080864
1649863545422,-1.8112063408,-3.3264925480,-6.5112743378
1649863545617,-3.2638244629,-4.5382022858,-3.5219550133
1649863545814,-7.3397645950,-4.4072599411,5.3705720901
1649863546016,0.1333765984,-4.8951992989,12.7878990173
1649863546204,6.5908470154,-5.2214274406,5.2376060486
1649863546402,10.3705711365,-5.3790273666,-1.2201895714
1649863546606,3.7587122917,-8.9947538376,-2.5051827431
1649863546801,1.0953054428,-6.4817843437,-7.7149944305
1649863546996,-4.9510321617,-6.2302322388,-3.5272021294
1649863547190,-9.3485927582,-2.9458026886,4.8097100258
1649863547390,-0.3635730743,-2.7742483616,10.2579841614
1649863547590,4.5598497391,-5.8215746880,6.0487194061
1649863547784,10.7205085754,-4.7370262146,1.1307768822
1649863547982,2.6449818611,-8.4999256134,-0.7053718567
1649863548184,2.4030613899,-6.4499692917,-6.6129927635
1649863548379,-1.4740653038,-5.1534328461,-5.9358906746
1649863548576,-9.4671573639,-5.2791886330,3.1135210991
1649863548766,-0.0476121902,-3.5121564865,10.2677631378
1649863548969,5.5148148537,-3.9465808868,8.0834674835
1649863549167,7.5072073936,-5.1530947685,2.0568895340
1649863549362,6.6334033012,-8.5725641251,1.4421458244
1649863549561,0.5882544518,-8.2163496017,-5.5903139114
1649863549751,-0.6435637474,-2.9738097191,-5.2519264221
1649863549955,-4.6864995956,-3.7288236618,-3.7497124672
1649863550153,-8.5958843231,-4.2180390358,5.2682981491
1649863550347,5.5331163406,-4.9562387466,11.5266580582
1649863550542,8.6102266312,-4.7529668808,4.6235251427
1649863550737,7.1705355644,-7.8139085770,1.4560561180
1649863550939,1.2614941597,-8.0443201065,-3.8308649063
1649863551137,0.1144342422,-4.9042100906,-7.1781959534
1649863551334,-6.9216661453,-3.6964619160,-3.7811546326
1649863551532,-3.8425083160,-2.7987155914,6.9369459152
1649863551722,4.5041851997,-3.1254246235,11.3004493713
1649863551925,2.7300148010,-5.2499771118,6.3316860199
1649863552123,11.2112836838,-7.9660711288,-0.5539419651
1649863552315,2.5192718506,-8.7028188705,-6.4712314606
1649863552515,0.6982932091,-5.2406835556,-7.0375757217
1649863552718,-5.0521392822,-4.6224861145,-2.5406966209
1649863552908,-6.7080221176,-3.0040919781,6.2759013176
1649863553107,3.6429724693,-3.2467477322,9.7289924622
1649863553298,7.3531975746,-4.5330095291,5.7664089203
1649863553500,10.4821987152,-7.1530165672,1.3827400208
1649863553696,3.3573422432,-10.5779323578,-2.0095434189
1649863553894,0.6443095207,-6.2606811523,-6.4322223663
1649863554090,-2.8978338242,-3.9873189926,-5.5799155235
1649863554283,-7.0208592415,-4.2365174294,2.4088180065
1649863554488,-0.8232049942,-3.3679594994,10.2721481323
1649863554684,6.8180379868,-4.8914389610,9.6278181076
1649863554879,8.0077466965,-6.1428375244,2.2258732319
1649863555077,6.2948675156,-9.2829046249,-4.0935130119
1649863555268,1.0795512199,-6.2027063370,-4.9906053543
1649863555467,-1.3123431206,-4.4624686241,-5.4265475273
1649863555665,-9.1176891327,-4.6363067627,-0.7052416801
1649863555861,-0.7666893005,-3.0232548714,10.1142168045
1649863556059,5.0304031372,-5.2551245689,10.3118371964
1649863556253,9.3260326385,-6.6003966331,4.3644256592
1649863556458,6.2747755051,-8.5375642776,-4.6729607582
1649863556654,1.5322451591,-7.1026391983,-6.1335115433
1649863556849,-1.4520025253,-4.7644157410,-5.1165900230
1649863557043,-7.9516267776,-3.8707833290,-0.7436113358
1649863557244,-3.5962486267,-4.3915686607,8.5878391266
1649863557441,4.9392118454,-4.4426317215,14.4201431274
1649863557640,6.6045856476,-6.8537874222,2.4717259407
1649863557835,6.1062469482,-9.3344173431,0.0958242416
1649863558034,0.4246587753,-6.9239325523,-6.4559321404
1649863558229,0.6181426048,-3.6853613853,-9.0843315125
1649863558428,-8.4697141647,-5.6689481735,-1.2691388130
1649863558621,-3.9336433411,-3.1401028633,9.8075199127
1649863558815,6.1227269173,-4.1731629372,11.8202991486
1649863559019,7.7551679611,-5.0049490929,1.1333873272
1649863559216,8.8928937912,-7.6274404526,-1.3454828262
1649863559413,1.4822020531,-7.4215502739,-6.0582237244
1649863559610,-1.5235633850,-5.0501308441,-5.6300292015
1649863559800,-8.7480440140,-4.4124727249,1.5741770267
1649863560001,-1.0946254730,-2.2806327343,9.4699954987
1649863560198,5.1373376846,-4.7754435539,12.4709987640
1649863560395,10.1275806427,-7.7289090157,3.2171378136
1649863560591,4.9876189232,-11.0568323135,-3.1888122559
1649863560785,1.3161110878,-4.7330851555,-8.1359634399
1649863560986,0.1688904762,-4.7775449753,-4.1005501747
1649863561186,-8.1341295242,-3.8038415909,-1.1359605789
1649863561383,-3.9733781815,-2.4059181213,8.9998407364
1649863561581,4.0737576485,-5.1959757805,11.6380720139
1649863561773,10.4036312103,-6.7234578133,2.6453540325
1649863561971,5.6855063438,-7.7368550301,-1.4226675034
1649863562168,2.4037203789,-6.3121948242,-6.1155390739
1649863562364,0.4985499382,-5.7296047211,-6.4565329552
1649863562566,-8.1187667847,-5.1894874573,-0.6196036339
1649863562767,-4.7994461060,-2.2680597305,9.4087800980
1649863562962,3.9455528259,-3.7791204453,11.1734533310
1649863563156,7.7851166725,-6.3463330269,3.7456624508
1649863563348,8.3909721375,-7.5737371445,-0.7508840561
1649863563550,2.7032132149,-7.6907987595,-5.9825930595
1649863563745,1.6191682816,-5.1774344444,-6.7149090767
1649863563945,-7.8931274414,-5.4441947937,-3.0285305977
1649863564142,-6.5799779892,-2.8211545944,6.8628745079
1649863564333,2.5963339806,-4.2671775818,12.3579921722
1649863564536,6.1778903008,-6.7690367699,5.7130355835
1649863564732,11.8121547699,-7.1764507294,-1.0753641129
1649863564929,2.4488625526,-8.4850063324,-5.7698354721
1649863565127,1.0196290016,-5.6839046478,-7.9043340683
1649863565318,-7.3225321770,-6.2186956406,-1.8454513550
1649863565521,-5.5358533859,-3.7762072086,9.7639551163
1649863565718,4.9864611626,-3.5362372398,12.1471996307
1649863565912,7.5118999481,-6.1826510429,5.7299132347
1649863566112,8.6137447357,-10.2980718613,-1.3043575287
1649863566311,2.2788195610,-8.3581275940,-8.8115596771
1649863566507,-1.3259143829,-5.6265826225,-6.5896286964
1649863566700,-9.1140928268,-3.8371500969,-0.0546650887
1649863566894,-3.4488048553,-3.8561739922,9.6066436768
1649863567094,4.3869786263,-4.8298134804,11.7809181213
1649863567292,10.4824848175,-6.6465687752,3.1834006310
1649863567493,6.1221537590,-8.8369979858,-3.3879294395
1649863567688,3.0495281219,-6.0705060959,-7.0412092209
1649863567879,-5.0811243057,-5.8394489288,-3.8074603081
1649863568082,-9.3977775574,-3.4423079491,2.5154047012
1649863568274,-1.1914176941,-4.6751222610,11.7165536880
1649863568475,7.2597846985,-5.9263091087,10.0116987228
1649863568671,9.8980550766,-6.2869143486,0.2518858910
1649863568864,3.8852543831,-8.2683267593,-3.5202398300
1649863569064,2.1071667671,-5.6604204178,-7.5625190735
1649863569265,-6.8188261986,-6.0979919434,-4.2789254189
1649863569463,-7.2692785263,-3.6652379036,7.0078802109
1649863569655,2.0206999779,-3.7024118900,11.1693820953
1649863569850,6.0990848541,-5.8742117882,7.0356941223
1649863570051,11.3280706406,-7.6348276138,1.6111783981
1649863570248,2.2028779984,-9.1543807983,-3.8750052452
1649863570446,1.0892305374,-4.6649508476,-7.0577874184
1649863570642,-5.4741902351,-5.7060332298,-5.4474906921
1649863570841,-8.0954837799,-5.0040259361,5.5250568390
1649863571038,3.8111534119,-4.5798602104,12.7067441940
1649863571235,8.0890254974,-6.0722432137,6.6465702057
1649863571429,9.1845798492,-8.0304393768,-0.9765224457
1649863571628,2.8859691620,-8.1770009995,-5.2308006287
1649863571823,0.5039238930,-6.6976428032,-6.2005305290
1649863572021,-7.5036468506,-5.0219020844,-3.5971002579
1649863572221,-6.2094554901,-4.3121562004,8.6843700409
1649863572411,4.6497888565,-3.8854055405,12.1543951035
1649863572614,6.4952559471,-7.1263213158,5.5562849045
1649863572812,10.1173305511,-8.0937242508,-3.1382207870
1649863573006,3.5538825989,-8.8213272095,-3.3877549171
1649863573202,-4.0616607666,-6.1058635712,-6.5473480225
1649863573396,-9.2028541565,-4.0142111778,0.2523698807
1649863573600,-2.0902166367,-4.1324410439,10.7363605499
1649863573796,3.8783235550,-5.2845368385,11.0710659027
