1649931294103,0.2881519496,0.0152793108,0.8790990114,0.3793677986,0.0000000000
1649931294333,0.4190640450,-0.1144116372,0.7200102806,0.5411843657,0.0000000000
1649931294516,0.4662368596,-0.3641306460,0.5873106122,0.5523570180,0.0000000000
1649931294686,0.4977821410,-0.5573892593,0.5531325340,0.3682045043,0.0000000000
1649931294930,0.5539509654,-0.5141782165,0.6229253411,0.2017997950,0.0000000000
1649931295107,0.5063324571,-0.3485637307,0.7578728199,0.2185395062,0.0000000000
1649931295290,0.4917461574,-0.1791651547,0.7835957408,0.3347585797,0.0000000000
1649931295520,0.4703255594,-0.0729671568,0.7415868044,0.4727776051,0.0000000000
1649931295695,0.3689094484,-0.1126040965,0.6574568152,0.6472840905,0.0000000000
1649931295870,0.3937447369,-0.4715228379,0.5150809884,0.5977649093,0.0000000000
1649931296114,0.4918150008,-0.6495765448,0.4772564471,0.3292333186,0.0000000000
1649931296286,0.5254401565,-0.5213696361,0.6124097109,0.2775621712,0.0000000000
1649931296467,0.4856438041,-0.2979690731,0.7507470250,0.3342804611,0.0000000000
1649931296705,0.5055494308,-0.1149148494,0.7451059222,0.4195610881,0.0000000000
1649931296875,0.4367713332,-0.0626178533,0.6866042018,0.5778273940,0.0000000000
1649931297059,0.3304732144,-0.2162921727,0.5965784788,0.6986410022,0.0000000000
1649931297294,0.4952564240,-0.6534610987,0.4147422016,0.3945865631,0.0000000000
1649931297474,0.4813073874,-0.6035217643,0.5423961282,0.3315284252,0.0000000000
1649931297648,0.4645842612,-0.4142048061,0.7064391375,0.3369563222,0.0000000000
1649931297880,0.5074212551,-0.2036680579,0.7486407757,0.3749399781,0.0000000000
1649931298065,0.5248980522,-0.1055672616,0.6903406382,0.4865874648,0.0000000000
1649931298241,0.4077934921,-0.0994434804,0.6359629631,0.6475851536,0.0000000000
1649931298472,0.4284477830,-0.4407127202,0.4480048120,0.6492276192,0.0000000000
1649931298655,0.4883244932,-0.7451764345,0.3276324272,0.3144968450,0.0000000000
1649931298832,0.4511097670,-0.6531826258,0.5073982477,0.3352602422,0.0000000000
1649931299065,0.4773810506,-0.4679865837,0.6544575095,0.3532439470,0.0000000000
1649931299246,0.5042524934,-0.2419389784,0.7216377854,0.4079630673,0.0000000000
1649931299420,0.5042331219,-0.0958320424,0.6848121881,0.5172982216,0.0000000000
1649931299656,0.4036612213,-0.0840469524,0.6136400700,0.6733792424,0.0000000000
1649931299832,0.3282842040,-0.2904423773,0.5021048188,0.7454954386,0.0000000000
1649931300011,0.3893541396,-0.6432984471,0.4128400087,0.5139392614,0.0000000000
1649931300250,0.3525310755,-0.5943210125,0.5488427281,0.4703998268,0.0000000000
1649931300425,0.3919196427,-0.4441721439,0.6873303652,0.4203416109,0.0000000000
1649931300605,0.3938285410,-0.2151144594,0.7894842625,0.4187355340,0.0000000000
1649931300838,0.4391419291,-0.0992664099,0.7414501309,0.4975462556,0.0000000000
1649931301017,0.3735400736,-0.0950676054,0.6542025805,0.6507295370,0.0000000000
1649931301196,0.2675848007,-0.2073749453,0.5575886965,0.7579504251,0.0000000000
1649931301427,0.4002883434,-0.6328636408,0.4379014075,0.4974888861,0.0000000000
1649931301611,0.4697050154,-0.6479635835,0.5041810274,0.3245332539,0.0000000000
1649931301784,0.4601122439,-0.4655855894,0.6842556596,0.3214357495,0.0000000000
1649931302022,0.4097851515,-0.2154130340,0.8020983338,0.3772420883,0.0000000000
1649931302201,0.4133668840,-0.0732215866,0.7734692097,0.4748808444,0.0000000000
1649931302372,0.3370003700,-0.0386105292,0.6939508915,0.6351158619,0.0000000000
1649931302616,0.2120576948,-0.1226095483,0.5984974504,0.7627576590,0.0000000000
1649931302793,0.3704354465,-0.5991691351,0.4834177494,0.5196933746,0.0000000000
1649931302967,0.3641645610,-0.5649960637,0.6204128265,0.4040440321,0.0000000000
1649931303204,0.3071781397,-0.3723294735,0.7829247117,0.3924809396,0.0000000000
1649931303378,0.2906261086,-0.1492396742,0.8640865684,0.3829077780,0.0000000000
1649931303559,0.3912206590,-0.0283885468,0.7923218012,0.4672971666,0.0000000000
1649931303797,0.3824901879,-0.0223242380,0.6767974496,0.6286080480,0.0000000000
1649931303980,0.2992215455,-0.1726998389,0.5633944869,0.7504850626,0.0000000000
1649931304155,0.4044404626,-0.6134415865,0.4356620312,0.5199191570,0.0000000000
1649931304383,0.5089080334,-0.6606211662,0.4765770435,0.2783282697,0.0000000000
1649931304566,0.5169987679,-0.4815051854,0.6592910886,0.2572942078,0.0000000000
1649931304744,0.5018571615,-0.2474826127,0.7642396688,0.3206704259,0.0000000000
1649931304979,0.4839768708,-0.0995376706,0.7559006214,0.4295030534,0.0000000000
1649931305154,0.3642104864,-0.0129909245,0.7074244022,0.6055845618,0.0000000000
1649931305336,0.3625455499,-0.2360602766,0.5439752936,0.7189764977,0.0000000000
1649931305569,0.4485890567,-0.6569997668,0.4041654766,0.4514082968,0.0000000000
1649931305746,0.4473091364,-0.6037450433,0.5537789464,0.3587971330,0.0000000000
1649931305920,0.3820092082,-0.3703055084,0.7483087778,0.3962028623,0.0000000000
1649931306164,0.5843694210,-0.2678430974,0.6773737669,0.3576830924,0.0000000000
1649931306341,0.5151984692,-0.1782567650,0.6604871154,0.5162865520,0.0000000000
1649931306518,0.5089824200,-0.3650276959,0.5133210421,0.5866798162,0.0000000000
1649931306755,0.5586049557,-0.6944789886,0.3309310377,0.3100711703,0.0000000000
1649931306925,0.5596596599,-0.6750349402,0.4379746020,0.1982100308,0.0000000000
1649931307104,0.5642042160,-0.4956418574,0.6131227612,0.2451391518,0.0000000000
1649931307346,0.5473430753,-0.2709522843,0.7182258368,0.3333947361,0.0000000000
1649931307523,0.5677704215,-0.2005263865,0.6655006409,0.4410609603,0.0000000000
1649931307701,0.4210982025,-0.1190524846,0.6562702060,0.6146643162,0.0000000000
1649931307931,0.4284655750,-0.3655217588,0.4974610806,0.6598057151,0.0000000000
1649931308115,0.4889915287,-0.6722309589,0.3676073253,0.4169624746,0.0000000000
1649931308291,0.4840022624,-0.5848886371,0.5279429555,0.3806880414,0.0000000000
1649931308526,0.4966169000,-0.4204833508,0.6714650989,0.3545419872,0.0000000000
1649931308704,0.5203758478,-0.2329237759,0.7271276712,0.3824145198,0.0000000000
1649931308879,0.5287417173,-0.1238902435,0.6944082379,0.4721023440,0.0000000000
1649931309119,0.4404026270,-0.1174318343,0.6379347444,0.6207209826,0.0000000000
1649931309297,0.3601073921,-0.2792294919,0.5580851436,0.6934655905,0.0000000000
1649931309467,0.4421532750,-0.6233369708,0.4237130880,0.4862290919,0.0000000000
1649931309711,0.5118730068,-0.6557601690,0.4462779760,0.3298493326,0.0000000000
1649931309885,0.5439656377,-0.4707759917,0.5988633037,0.3519006371,0.0000000000
1649931310066,0.5360447168,-0.2517060935,0.6970767379,0.4042080641,0.0000000000
1649931310300,0.5844983459,-0.1564130634,0.6451330185,0.4665833414,0.0000000000
1649931310472,0.4652822316,-0.1057979465,0.6160100698,0.6267781258,0.0000000000
1649931310657,0.4172374904,-0.3451146483,0.4895521104,0.6834818721,0.0000000000
1649931310890,0.4747618437,-0.6979272962,0.3571425080,0.3999348879,0.0000000000
1649931311067,0.5205705166,-0.6916540861,0.4285707176,0.2587434053,0.0000000000
1649931311248,0.5723688602,-0.5237161517,0.5700252652,0.2705300748,0.0000000000
1649931311477,0.5087642670,-0.2457992882,0.7130742669,0.4150502980,0.0000000000
1649931311659,0.5425081253,-0.1553236693,0.6433778405,0.5173243284,0.0000000000
1649931311837,0.3989126682,-0.1093363166,0.6044120193,0.6808820963,0.0000000000
1649931312073,0.3937751949,-0.4303457439,0.4323178530,0.6876372099,0.0000000000
1649931312252,0.4752590060,-0.7437418103,0.3081652820,0.3549804688,0.0000000000
1649931312424,0.5478274226,-0.6814831495,0.4169316292,0.2482617348,0.0000000000
1649931312665,0.5624297857,-0.4906489849,0.5954776406,0.2972249687,0.0000000000
1649931312845,0.5671254992,-0.3207806647,0.6530665159,0.3859695494,0.0000000000
1649931313017,0.5249502659,-0.1947545409,0.6431752443,0.5223250985,0.0000000000
1649931313258,0.4428913593,-0.2395433038,0.5606808066,0.6573456526,0.0000000000
1649931313434,0.4700371623,-0.6018789411,0.3908711970,0.5138351321,0.0000000000
1649931313605,0.5126436353,-0.7237470150,0.3794324696,0.2634726465,0.0000000000
1649931313845,0.5562534332,-0.5885440111,0.5335561037,0.2439588606,0.0000000000
1649931314019,0.5427427888,-0.3586085141,0.6731349826,0.3517378271,0.0000000000
1649931314200,0.5684889555,-0.1930386722,0.6715483069,0.4342570901,0.0000000000
1649931314437,0.5330581069,-0.1680906117,0.5943280458,0.5782462955,0.0000000000
1649931314617,0.4425841272,-0.2715002596,0.5187968016,0.6791588664,0.0000000000
1649931314792,0.5148520470,-0.6422963142,0.3619830608,0.4374369681,0.0000000000
1649931315025,0.5849397182,-0.7124269605,0.3531973064,0.1598281562,0.0000000000
1649931315207,0.6038078070,-0.5519285798,0.5451306701,0.1833671480,0.0000000000
1649931315385,0.5653063059,-0.3544923961,0.6885620952,0.2839826047,0.0000000000
1649931315620,0.5978146791,-0.2201419324,0.6666432023,0.3869650960,0.0000000000
1649931315796,0.5714736581,-0.2119505703,0.5891460776,0.5304730535,0.0000000000
1649931315970,0.4251831770,-0.2510991991,0.5483860373,0.6748638749,0.0000000000
1649931316215,0.4778058231,-0.6222340465,0.3991016746,0.4745990932,0.0000000000
1649931316392,0.5837706327,-0.6924527884,0.3814470172,0.1849841326,0.0000000000
1649931316569,0.5974924564,-0.5148286223,0.5863170028,0.1848964095,0.0000000000
1649931316805,0.5461304188,-0.2837847769,0.7283147573,0.3012728691,0.0000000000
1649931316976,0.5709355474,-0.1324668825,0.6847847700,0.4330761135,0.0000000000
1649931317155,0.4577745795,-0.0939529613,0.6063701510,0.6433743238,0.0000000000
1649931317395,0.3898266554,-0.3721715808,0.4560081661,0.7082231641,0.0000000000
1649931317570,0.4724793732,-0.7453925610,0.3235823512,0.3412442505,0.0000000000
1649931317751,0.5232990384,-0.6706148386,0.4695609808,0.2365297824,0.0000000000
1649931317979,0.5776754022,-0.4490434825,0.6410270333,0.2318089306,0.0000000000
1649931318165,0.5514575839,-0.1829755604,0.7333347201,0.3530364037,0.0000000000
1649931318338,0.5508208871,-0.0983518884,0.6541106105,0.5089818835,0.0000000000
1649931318573,0.4390986264,-0.1482132673,0.5467756987,0.6973245740,0.0000000000
1649931318756,0.4322961867,-0.6252543330,0.3293891549,0.5600712895,0.0000000000
1649931318932,0.4381823242,-0.8066585660,0.2894578278,0.2711316347,0.0000000000
1649931319170,0.5244466066,-0.6272202730,0.5094891787,0.2682746947,0.0000000000
1649931319344,0.5457278490,-0.3382212520,0.6947726011,0.3241581917,0.0000000000
1649931319518,0.5734995604,-0.1597278863,0.7035737634,0.3880325854,0.0000000000
1649931319761,0.4960655272,-0.0933375508,0.6701788902,0.5441207290,0.0000000000
1649931319938,0.3356331587,-0.0321094282,0.5944808125,0.7300081849,0.0000000000
1649931320114,0.3972302675,-0.5429865718,0.3576134741,0.6476776600,0.0000000000
1649931320352,0.4255762994,-0.8111511469,0.2808160782,0.2864628434,0.0000000000
1649931320523,0.5022762418,-0.6676377654,0.4824484289,0.2631004751,0.0000000000
1649931320707,0.5705738664,-0.4564184844,0.6338591576,0.2536733747,0.0000000000
1649931320944,0.5179052353,-0.1910980940,0.7550967932,0.3536728323,0.0000000000
1649931321120,0.4903468788,-0.0730650276,0.7157853842,0.4918055832,0.0000000000
1649931321297,0.3729092181,-0.0168964714,0.6241528392,0.6863573790,0.0000000000
1649931321528,0.4040662348,-0.4167493284,0.3701776266,0.7252717018,0.0000000000
1649931321708,0.4245002270,-0.7668637037,0.2797493041,0.3917396665,0.0000000000
1649931321888,0.4783863723,-0.6629520059,0.4741503000,0.3268373013,0.0000000000
1649931322121,0.4856488705,-0.4248490632,0.6923000216,0.3230620921,0.0000000000
1649931322303,0.5126981735,-0.2154825479,0.7642208934,0.3266102076,0.0000000000
1649931322481,0.5502588153,-0.1395339817,0.7169506550,0.4046323001,0.0000000000
1649931322712,0.4795551896,-0.0752935931,0.6625117660,0.5704698563,0.0000000000
1649931322890,0.3810911477,-0.1106305718,0.5293079615,0.7499089837,0.0000000000
1649931323065,0.3767944574,-0.5886674523,0.3349059820,0.6319292188,0.0000000000
1649931323303,0.4045067728,-0.7925688028,0.3250553310,0.3202311099,0.0000000000
1649931323479,0.4850802124,-0.6206394434,0.5441468358,0.2888046503,0.0000000000
1649931323656,0.4838402867,-0.3361734748,0.7323135734,0.3414714932,0.0000000000
1649931323894,0.5391934514,-0.1825554222,0.7111063004,0.4126399457,0.0000000000
1649931324070,0.4567718208,-0.0885460451,0.6612603664,0.5884333253,0.0000000000
1649931324248,0.3661248982,-0.1498702168,0.5182160139,0.7582504153,0.0000000000
1649931324483,0.3840554953,-0.6274725795,0.3186418116,0.5977013707,0.0000000000
1649931324661,0.4244219661,-0.7795468569,0.3371092081,0.3138949275,0.0000000000
1649931324838,0.4334611297,-0.5977603197,0.5812835693,0.3419114053,0.0000000000
1649931325075,0.4962967932,-0.3771112561,0.7021834850,0.3441146612,0.0000000000
1649931325253,0.5208816528,-0.1682372689,0.7251443267,0.4177849889,0.0000000000
1649931325436,0.4763386548,-0.0862843543,0.6489187479,0.5869931579,0.0000000000
1649931325670,0.3891944885,-0.2023314238,0.4773588181,0.7613922954,0.0000000000
1649931325851,0.4299167097,-0.6955594420,0.2843915522,0.5004898906,0.0000000000
1649931326024,0.4765112102,-0.7581139207,0.3633202314,0.2572912276,0.0000000000
1649931326265,0.4776896238,-0.5393979549,0.6341791749,0.2804981768,0.0000000000
1649931326438,0.4867919981,-0.2805643678,0.7624992132,0.3207992911,0.0000000000
1649931326612,0.5683813691,-0.1521760821,0.7102528811,0.3864270151,0.0000000000
1649931326856,0.5249927640,-0.0886734724,0.6439348459,0.5494247675,0.0000000000
1649931327025,0.4352562129,-0.1615355313,0.4877492487,0.7392962575,0.0000000000
1649931327208,0.4188599885,-0.6658237576,0.2758818865,0.5523805022,0.0000000000
1649931327443,0.4518661201,-0.7515260577,0.3584834039,0.3201800883,0.0000000000
1649931327620,0.4943138957,-0.5480408072,0.6021842957,0.3044324815,0.0000000000
1649931327797,0.5092504621,-0.2769780755,0.7460752726,0.3275954723,0.0000000000
1649931328030,0.5777769685,-0.1211815402,0.7155287862,0.3735068738,0.0000000000
1649931328214,0.5044834614,-0.0376272015,0.6565512419,0.5594828725,0.0000000000
1649931328390,0.4250549972,-0.1601883322,0.4802069962,0.7503793836,0.0000000000
1649931328627,0.4295955300,-0.6526260972,0.2907541096,0.5522580147,0.0000000000
1649931328805,0.5270708203,-0.7515060306,0.3142346144,0.2422635406,0.0000000000
1649931328980,0.6028385758,-0.5469241738,0.5369605422,0.2216595262,0.0000000000
1649931329220,0.4780996740,-0.2270402759,0.7734685540,0.3487403691,0.0000000000
1649931329397,0.5856206417,-0.0949923396,0.6936817169,0.4084490240,0.0000000000
1649931329568,0.4939581752,-0.0535390005,0.6297900081,0.5970790982,0.0000000000
1649931329812,0.3945845068,-0.1767692417,0.4654180408,0.7722964287,0.0000000000
1649931329986,0.3788574040,-0.6207628846,0.2972623408,0.6186724901,0.0000000000
1649931330166,0.4702298939,-0.7506263256,0.3273573518,0.3290610313,0.0000000000
1649931330403,0.5928043127,-0.6053917408,0.4860836267,0.2140246928,0.0000000000
1649931330573,0.5810322762,-0.3666235209,0.6673342586,0.2874955535,0.0000000000
1649931330758,0.6095830798,-0.1755382717,0.6815963387,0.3647207320,0.0000000000
1649931330995,0.5708588362,-0.1250618249,0.6020668149,0.5440544486,0.0000000000
1649931331171,0.4281039834,-0.1707257032,0.4991565645,0.7337727547,0.0000000000
1649931331345,0.4012057781,-0.5986511707,0.3179134130,0.6161020398,0.0000000000
1649931331579,0.4635478556,-0.7837240100,0.3046458960,0.2794475257,0.0000000000
1649931331761,0.5304397345,-0.5866280794,0.5607023835,0.2451815456,0.0000000000
1649931331940,0.4671849906,-0.3023408949,0.7732096314,0.3040970564,0.0000000000
1649931332174,0.5131295323,-0.1119188294,0.7569829822,0.3887788951,0.0000000000
1649931332351,0.4782250822,-0.0642197803,0.6527222991,0.5840635300,0.0000000000
1649931332531,0.3904134333,-0.2116532922,0.4815522134,0.7555711269,0.0000000000
1649931332767,0.4557875991,-0.7194723487,0.2940199673,0.4337850809,0.0000000000
1649931332946,0.4922310412,-0.7470515370,0.3742301762,0.2440786064,0.0000000000
1649931333115,0.5321395993,-0.5516467690,0.6004449129,0.2279894501,0.0000000000
1649931333357,0.5085599422,-0.2855846286,0.7574874163,0.2932934761,0.0000000000
1649931333535,0.5386614799,-0.1200231835,0.7418879867,0.3808417320,0.0000000000
1649931333714,0.5118937492,-0.0912615061,0.6451940536,0.5597863793,0.0000000000
1649931333947,0.3908635676,-0.1840399057,0.5180112720,0.7382541895,0.0000000000
1649931334120,0.3757602572,-0.6017857790,0.3257153928,0.6249540448,0.0000000000
1649931334301,0.4229761958,-0.8158555031,0.2875858247,0.2697504759,0.0000000000
1649931334541,0.4769042134,-0.6631245613,0.5041415691,0.2804808021,0.0000000000
1649931334717,0.5412222743,-0.4209460616,0.6703243256,0.2838101089,0.0000000000
1649931334895,0.5288023353,-0.1505296677,0.7526273131,0.3622995615,0.0000000000
1649931335125,0.5704625845,-0.0998096764,0.6526372433,0.4885438979,0.0000000000
1649931335310,0.4464330971,-0.0998171121,0.5406550169,0.7059930563,0.0000000000
1649931335486,0.3405143023,-0.4074343741,0.3764847219,0.7591485381,0.0000000000
1649931335724,0.3635982573,-0.7613850832,0.3157323301,0.4340532124,0.0000000000
1649931335901,0.4373279810,-0.6829413772,0.4910721183,0.3180934489,0.0000000000
1649931336078,0.5034030676,-0.4458355606,0.6806703210,0.2906955779,0.0000000000
1649931336311,0.5454780459,-0.1951988339,0.7298780680,0.3628073335,0.0000000000
1649931336492,0.6240763068,-0.1541587114,0.5947979689,0.4826792479,0.0000000000
1649931336662,0.4787762463,-0.1421509534,0.4971007109,0.7095472217,0.0000000000
1649931336905,0.3574516475,-0.5175669193,0.3149930239,0.7107264996,0.0000000000
1649931337081,0.3456775248,-0.7992306948,0.2858138084,0.4000597298,0.0000000000
1649931337258,0.4489369690,-0.6845355630,0.4921965599,0.2959885597,0.0000000000
1649931337495,0.5255615115,-0.4360635281,0.6679865718,0.2956816554,0.0000000000
1649931337668,0.5708181262,-0.2055405676,0.7025954723,0.3718592823,0.0000000000
1649931337851,0.5572219491,-0.1370298862,0.6057694554,0.5511532426,0.0000000000
1649931338083,0.4475560784,-0.2498971671,0.4410958588,0.7366677523,0.0000000000
1649931338266,0.3544348478,-0.6871479154,0.2962774634,0.5607346296,0.0000000000
1649931338442,0.4023469985,-0.8075020909,0.3275524676,0.2806539536,0.0000000000
1649931338672,0.5084327459,-0.5761796832,0.5724768043,0.2859779894,0.0000000000
1649931338857,0.5192068815,-0.2851365507,0.7336782217,0.3329228461,0.0000000000
1649931339029,0.5358139873,-0.1335966885,0.7121369839,0.4334929883,0.0000000000
1649931339270,0.4452027082,-0.0559227876,0.6303351521,0.6335177422,0.0000000000
1649931339447,0.3495904505,-0.2311970443,0.4380492866,0.7952655554,0.0000000000
1649931339621,0.3890013099,-0.7008238435,0.3288691342,0.4993686378,0.0000000000
1649931339859,0.4721719027,-0.6949158907,0.4535852373,0.2973314822,0.0000000000
1649931340037,0.4958394468,-0.4560096562,0.6783542633,0.2933153808,0.0000000000
1649931340213,0.5300422311,-0.2431493849,0.7512592673,0.3091005087,0.0000000000
1649931340452,0.5597939491,-0.1501558870,0.6782796979,0.4516864121,0.0000000000
1649931340625,0.4086983800,-0.0985974669,0.6000782251,0.6805514693,0.0000000000
1649931340807,0.3613852561,-0.4345600009,0.3941173851,0.7247273922,0.0000000000
1649931341043,0.4617839754,-0.7821049094,0.2939673364,0.2977426648,0.0000000000
1649931341216,0.5187450647,-0.6615390182,0.4966343641,0.2159258723,0.0000000000
1649931341398,0.4895319045,-0.4254891574,0.7212564349,0.2431186140,0.0000000000
1649931341632,0.5003524423,-0.1980703920,0.7871734500,0.3012864292,0.0000000000
1649931341812,0.5638788939,-0.1391353458,0.6821523309,0.4442411363,0.0000000000
1649931341991,0.4577354491,-0.1918606162,0.5709304214,0.6539925337,0.0000000000
1649931342220,0.5150077939,-0.6595776677,0.2936028838,0.4620840251,0.0000000000
1649931342404,0.4953095913,-0.7388356328,0.3722541034,0.2649853826,0.0000000000
1649931342577,0.5047731400,-0.5377873778,0.6235051751,0.2592877746,0.0000000000
1649931342818,0.4194002151,-0.2604657412,0.8125332594,0.3099205494,0.0000000000
1649931342993,0.5354477763,-0.1561478823,0.7334692478,0.3885052800,0.0000000000
1649931343164,0.5092139840,-0.1463940293,0.6247009039,0.5736014843,0.0000000000
1649931343409,0.4265506268,-0.2785435617,0.4863225222,0.7099003196,0.0000000000
1649931343588,0.4496591687,-0.6570195556,0.3294196725,0.5075575113,0.0000000000
1649931343759,0.5359551907,-0.6824684739,0.4010702074,0.2934815884,0.0000000000
1649931343997,0.4775196314,-0.4394097626,0.6886963248,0.3234059811,0.0000000000
1649931344170,0.5072030425,-0.2174696475,0.7801536918,0.2946392298,0.0000000000
1649931344351,0.5774356723,-0.1401997358,0.6993009448,0.3973540366,0.0000000000
1649931344588,0.5410665870,-0.1645694822,0.5773639679,0.5889097452,0.0000000000
1649931344763,0.4110150337,-0.3290868104,0.4664186835,0.7107897997,0.0000000000
1649931344941,0.4738655984,-0.6972142458,0.3244112432,0.4290699065,0.0000000000
1649931345175,0.5632076263,-0.6367623210,0.4623956084,0.2520341575,0.0000000000
1649931345359,0.4753638506,-0.3784647584,0.7353327870,0.3001321554,0.0000000000
1649931345537,0.4845642149,-0.1722450554,0.8057935834,0.2936424017,0.0000000000
1649931345770,0.5055724978,-0.1098772734,0.7387651801,0.4319137037,0.0000000000
1649931345952,0.4077012241,-0.1118926033,0.6335855126,0.6479422450,0.0000000000
1649931346128,0.4491637349,-0.5283933878,0.3819276392,0.6108875871,0.0000000000
1649931346364,0.5046802759,-0.7343454957,0.3262560666,0.3155812621,0.0000000000
1649931346543,0.5254973769,-0.5589146018,0.5733750463,0.2875899673,0.0000000000
1649931346713,0.5131396055,-0.3081049621,0.7445152998,0.2957296073,0.0000000000
1649931346953,0.5820258856,-0.1473530680,0.7207488418,0.3464881778,0.0000000000
1649931347132,0.5394381881,-0.0939066261,0.6358762383,0.5439203978,0.0000000000
1649931347309,0.4386071861,-0.1980443597,0.4692515135,0.7404087782,0.0000000000
1649931347543,0.4452543557,-0.6585302353,0.2870855927,0.5344795585,0.0000000000
1649931347718,0.4665683806,-0.6941820383,0.4253874719,0.3456453681,0.0000000000
1649931347902,0.4876427650,-0.4906885624,0.6489166617,0.3167592287,0.0000000000
1649931348138,0.4737642407,-0.2484113723,0.7747650743,0.3370138109,0.0000000000
1649931348315,0.4558977187,-0.0971898288,0.7471081614,0.4738574028,0.0000000000
1649931348492,0.3822409809,-0.0888025686,0.6276943684,0.6723136902,0.0000000000
1649931348723,0.3424508274,-0.3675532639,0.4199094772,0.7558492422,0.0000000000
1649931348900,0.4071495533,-0.7749814987,0.2692898512,0.4013924599,0.0000000000
1649931349086,0.4751831591,-0.6902748942,0.4526679814,0.3046526015,0.0000000000
1649931349321,0.5047054887,-0.4493818581,0.6703585982,0.3065087795,0.0000000000
1649931349498,0.5181912780,-0.2178393602,0.7517057657,0.3449090123,0.0000000000
1649931349670,0.5614907146,-0.1537542343,0.6573722363,0.4784866869,0.0000000000
1649931349911,0.4746165276,-0.2086777836,0.5225151777,0.6768829823,0.0000000000
1649931350089,0.3971746266,-0.6107816696,0.3644002676,0.5800091028,0.0000000000
1649931350259,0.4349036813,-0.7516408563,0.3993385434,0.2939788997,0.0000000000
1649931350503,0.4954596460,-0.5557001829,0.6139693856,0.2622187138,0.0000000000
1649931350676,0.5084941983,-0.3082277179,0.7372756600,0.3207084835,0.0000000000
1649931350857,0.5532678962,-0.1838649809,0.6770766377,0.4490606785,0.0000000000
1649931351094,0.4281217456,-0.0927604437,0.5995506644,0.6698105931,0.0000000000
1649931351267,0.4238372743,-0.4940829575,0.3592734635,0.6687051654,0.0000000000
1649931351447,0.4523138702,-0.7706100345,0.3168691099,0.3180664480,0.0000000000
1649931351683,0.5296379924,-0.6280753016,0.5111767054,0.2523953319,0.0000000000
1649931351862,0.4957056642,-0.3532980382,0.7335420251,0.3022788465,0.0000000000
1649931352037,0.5645497441,-0.1683325469,0.7216869593,0.3634772003,0.0000000000
1649931352271,0.5603669882,-0.1416050345,0.6012678146,0.5517370701,0.0000000000
1649931352453,0.4373611212,-0.2745407820,0.4571973085,0.7240947485,0.0000000000
1649931352631,0.4657274187,-0.7140156031,0.2967582047,0.4303652346,0.0000000000
1649931352867,0.4983049631,-0.6886231899,0.4588283598,0.2587794960,0.0000000000
1649931353045,0.4776144028,-0.4581483305,0.6982957125,0.2727043629,0.0000000000
1649931353216,0.4833648801,-0.2253774554,0.7871395350,0.3097979426,0.0000000000
1649931353459,0.5968432426,-0.1722586453,0.6549477577,0.4302888811,0.0000000000
1649931353635,0.5136464834,-0.1809955984,0.5579689145,0.6261618137,0.0000000000
1649931353811,0.4402905703,-0.4386330843,0.4423532486,0.6465824246,0.0000000000
1649931354047,0.4706746638,-0.6658253670,0.4270481765,0.3908603787,0.0000000000
1649931354222,0.5182804465,-0.5577449799,0.5839647651,0.2815866470,0.0000000000
1649931354405,0.4638892114,-0.3162655830,0.7777106166,0.2827526331,0.0000000000
1649931354639,0.4910292029,-0.0962403342,0.7942804694,0.3445963264,0.0000000000
1649931354814,0.5080483556,-0.0847371146,0.6609038115,0.5458137393,0.0000000000
1649931354996,0.4282647371,-0.2384426892,0.5210242867,0.6987618208,0.0000000000
1649931355228,0.4593744576,-0.6242063046,0.3866876364,0.4998142123,0.0000000000
1649931355407,0.5422434807,-0.6624008417,0.4558975697,0.2436278462,0.0000000000
1649931355588,0.5353558660,-0.4605645239,0.6714519858,0.2245588750,0.0000000000
1649931355820,0.5037410259,-0.2041922957,0.7860191464,0.2944900990,0.0000000000
1649931356002,0.5452212691,-0.1087281629,0.7061787248,0.4384330213,0.0000000000
1649931356178,0.4442229271,-0.0836434960,0.5999610424,0.6600883007,0.0000000000
1649931356415,0.4207135439,-0.4529537261,0.3994045556,0.6769852638,0.0000000000
1649931356593,0.5033524036,-0.7052558661,0.3681788146,0.3371866345,0.0000000000
1649931356763,0.5176478624,-0.5363767743,0.6056922674,0.2783478498,0.0000000000
