1649864000464,3.0677413940,-2.8016600609,6.7422733307
1649864000655,7.9891204834,-7.3949379921,-1.8584408760
1649864000857,5.0298175812,-8.2727270126,-5.9253249168
1649864001054,0.1765642166,-5.9378871918,-4.0257506371
1649864001252,-3.8969373703,-5.2597045898,-5.6567969322
1649864001445,-6.0217399597,-4.6032829285,-1.9818153381
1649864001640,-3.7299795151,-1.9778407812,8.8469829559
1649864001839,3.5586185455,-1.5476166010,8.6823835373
1649864002038,3.9020881653,-4.9135637283,2.8450074196
1649864002233,6.9584960938,-6.3738899231,-4.4698529243
1649864002427,3.5255107880,-6.3048977852,-4.9069938660
1649864002624,-0.3416872025,-6.1274871826,-4.8617458344
1649864002827,-4.1710300446,-4.8992805481,-3.2740054131
1649864003025,-5.2204647064,-3.5224997997,0.3411726952
1649864003220,-1.6992654800,-1.3984183073,9.4258098602
1649864003414,3.0950975418,-1.9356081486,6.9490470886
1649864003609,5.1369962692,-4.2692356110,2.8095488548
1649864003812,4.0844831467,-6.5821695328,-3.2691578865
1649864004011,3.6571207047,-5.1791172028,-4.0857982635
1649864004207,-0.4191589355,-4.7051906586,-4.1227207184
1649864004403,-3.7794828415,-5.2748131752,-4.5486073494
1649864004594,-5.1312465668,-5.5145406723,1.4523007870
1649864004799,-1.1854429245,-1.6198416948,8.2128982544
1649864004995,3.8410177231,-1.2702939510,8.8270149231
1649864005190,3.2503986359,-3.9277067184,2.5092399120
1649864005392,4.0416488647,-5.7234687805,-3.0656700134
1649864005580,3.9784851074,-4.3836383820,-5.2897934914
1649864005782,-0.7307863235,-5.0251669884,-5.7199892998
1649864005980,-2.7546987534,-4.7294969559,-4.4992609024
1649864006172,-3.3932132721,-3.6410431862,2.2498655319
1649864006374,-2.8807916641,-1.3038346767,7.7643756866
1649864006579,1.2806701660,-0.8931781054,6.3971276283
1649864006769,4.9061727524,-2.9543588161,3.8243048191
1649864006966,3.0167655945,-5.2181129456,-2.2705974579
1649864007156,3.7539329529,-4.1991801262,-4.4229083061
1649864007360,1.3705577850,-3.4316890240,-6.1011447906
1649864007556,-0.3385543823,-4.8637018204,-2.8258821964
1649864007751,-2.8071365356,-4.2183666229,0.4311513901
1649864007946,-5.3649768829,-2.0884838104,5.5886130333
1649864008141,-2.1872501373,-1.9031803608,8.9252624512
1649864008345,6.1566705704,-3.0951819420,4.0174012184
1649864008538,4.6895370483,-5.4107909203,-2.2048394680
1649864008738,5.2531261444,-5.0277981758,-4.7332487106
1649864008935,0.9089756012,-5.6191587448,-5.2763791084
1649864009126,-2.9234867096,-7.5269193649,-4.2181229591
1649864009331,-6.6810512543,-4.8643569946,2.1725621223
1649864009528,-3.0984516144,-1.4531865120,10.5146903992
1649864009721,4.9448480606,-2.6082913876,6.5147056580
1649864009920,3.8813076019,-5.7775797844,0.1870868206
1649864010111,5.1717319489,-4.5649595261,-4.4659733772
1649864010309,2.4001073837,-4.8982172012,-4.5044965744
1649864010508,1.0902109146,-5.8903541565,-5.3610963821
1649864010703,-1.7452273369,-5.3731994629,-3.5336112976
1649864010904,-7.9415335655,-2.8823521137,3.5896840096
1649864011102,-2.3860273361,-1.2315305471,9.0233135223
1649864011300,4.3810505867,-3.0784931183,5.3896389008
1649864011498,4.7449607849,-4.0927996635,0.3815569878
1649864011688,6.8707513809,-6.5790419579,-3.9190750122
1649864011892,2.6019401550,-6.2757840157,-4.6883029938
1649864012088,-1.0242519379,-4.4710683823,-4.3074979782
1649864012286,-3.8445234299,-5.9102163315,-2.3770961761
1649864012482,-5.0651741028,-3.1476824284,4.3739514351
1649864012673,0.2273950577,-1.8617644310,11.1017446518
1649864012876,5.4496841431,-3.1697707176,5.6379175186
1649864013067,3.9518747330,-6.5282683372,-1.1831440926
1649864013267,5.1586732864,-5.0128498077,-5.5217251778
1649864013468,1.5920877457,-4.6833224297,-6.0222191811
1649864013659,-0.6950445175,-5.3795733452,-4.2708482742
1649864013859,-4.4318084717,-5.8036475182,0.8389678001
1649864014056,-5.3255805969,-1.8977942467,8.2057781219
1649864014254,1.0900259018,-1.5213689804,7.7690687180
1649864014453,5.5569925308,-3.8933756351,3.0627927780
1649864014645,4.8870830536,-5.4366049767,-1.8810516596
1649864014848,5.0348663330,-3.8209881783,-6.0672636032
1649864015045,0.0869693756,-6.2066740990,-5.0221209526
1649864015239,-2.2685251236,-4.6352400780,-3.0989396572
1649864015439,-5.7334051132,-3.1187224388,0.9907233715
1649864015633,-3.2263755798,-1.4016842842,9.0266513824
1649864015832,4.7278823853,-2.0809235573,6.0442028046
1649864016030,6.8056492805,-4.5682525635,1.8420174122
1649864016220,4.4452352524,-5.8750524521,-3.1158995628
1649864016423,2.9572391510,-3.9681055546,-6.8041496277
1649864016618,-0.7070703506,-5.5278558731,-4.9360237122
1649864016813,-1.5986495018,-3.3287820816,-3.2457661629
1649864017011,-5.3027038574,-4.3826112747,1.7711012363
1649864017205,-2.2926912308,-1.4741319418,8.7579193115
1649864017405,4.6932497025,-1.5853643417,6.3901228905
1649864017603,3.9740881920,-3.5493829250,1.4616458416
1649864017803,2.9224815369,-4.6813426018,-2.3724355698
1649864018000,7.0099020004,-4.3219580650,-4.4572086334
1649864018191,0.1394701004,-5.9594178200,-3.1824507713
1649864018394,-2.2284250259,-4.4043903351,-4.0083003044
1649864018589,-3.9026565552,-4.3858013153,0.0033054352
1649864018787,-3.2837257385,-2.8226542473,8.0337409973
1649864018986,3.3550872803,-1.3184074163,7.4093656540
1649864019176,5.5836205482,-2.8283395767,2.8215804100
1649864019379,3.8864092827,-4.1040334702,-2.3906292915
1649864019576,5.9776630402,-4.3068695068,-7.1941342354
1649864019771,2.4088850021,-6.3138713837,-2.8470180035
1649864019967,-1.3918523788,-4.7120552063,-1.9171431065
1649864020166,-4.2794647217,-3.3465743065,-0.9061319828
1649864020362,-4.5054674149,-3.8708987236,6.5399684906
1649864020557,2.5536422729,-2.2763371468,10.3946304321
1649864020753,5.2855238914,-3.4886310101,2.8572416306
1649864020956,1.5897722244,-3.4938530922,-2.4437785149
1649864021149,4.6742858887,-2.9870545864,-4.2725791931
1649864021350,3.2951698303,-4.8365368843,-4.8771905899
1649864021547,0.3684597015,-6.2136201859,-1.8889845610
1649864021737,-3.4516277313,-4.5492343903,-1.0214867592
1649864021941,-6.4433946609,-2.5375161171,2.4226944447
1649864022137,-2.0347766876,-1.9443703890,7.9939417839
1649864022335,4.5450787544,-2.7677445412,6.1834564209
1649864022529,4.4204320908,-3.8468632698,-0.0454511642
1649864022722,3.7053375244,-2.4186644554,-5.2220659256
1649864022926,3.4079418182,-3.6805026531,-3.1772785187
1649864023123,0.0861568451,-4.4339752197,-3.8901929855
1649864023319,-1.4837083817,-4.8233232498,-1.4261703491
1649864023515,-4.4119405746,-3.7413868904,0.9006205797
1649864023708,-2.8823509216,-1.8937926292,6.1497120857
1649864023914,3.5044789314,-2.1165356636,8.8585872650
1649864024105,4.7062721252,-2.4495468140,1.8678703308
1649864024305,2.2783513069,-3.7799859047,-3.1766324043
1649864024499,6.0630416870,-3.3516349792,-4.2109680176
1649864024701,0.7644109726,-5.4623851776,-3.1301426888
1649864024894,-3.2414150238,-4.1535606384,-3.4753131866
1649864025093,-3.3643207550,-4.3429670334,-0.3014428616
1649864025289,-3.8163557053,-2.5822572708,5.5906209946
1649864025484,0.9230279922,-1.4130810499,8.3275337219
1649864025685,5.3699402809,-3.0109603405,4.1011657715
1649864025881,3.9129686356,-3.6257696152,-3.3714070320
1649864026079,7.4573898315,-3.2774243355,-4.0037107468
1649864026269,2.8815298080,-5.4547300339,-2.7192332745
1649864026466,0.5585489273,-5.1128072739,-3.4610133171
1649864026665,-4.1475896835,-4.9174380302,-1.6818304062
1649864026863,-5.1025066376,-2.3752396107,4.5674967766
1649864027063,1.0782418251,-0.8809622526,8.3644199371
1649864027254,3.9899864197,-2.5235259533,4.4169774055
1649864027458,4.3487691879,-3.9893155098,-0.5504336357
1649864027654,7.4620084763,-4.3920259476,-3.8091669083
1649864027847,3.6339836121,-6.8692407608,-2.6224915981
1649864028045,-1.4589281082,-5.6782932281,-3.2877006531
1649864028239,-4.3679323196,-3.7708158493,-3.0525798798
1649864028443,-4.6805014610,-3.4371824265,1.3422002792
1649864028640,-0.9942817688,-1.9914109707,8.1697854996
1649864028832,5.0519418716,-2.0328884125,7.6904773712
1649864029035,5.2556076050,-3.7350759506,0.5614616871
1649864029230,5.9233665466,-4.1099815369,-4.2825312614
1649864029428,2.6673383713,-5.5374388695,-2.1218976974
1649864029622,0.0107955933,-4.3423504829,-5.6036062241
1649864029816,-0.8456740379,-4.3629398346,-5.1411042213
1649864030020,-4.4924764633,-3.7855336666,1.4265255928
1649864030212,-2.9058647156,-1.7290004492,9.6421718597
1649864030413,3.4799442291,-1.5800313950,6.5714144707
1649864030611,3.9390559196,-2.7765030861,0.7675437927
1649864030801,5.4365968704,-4.3473095894,-3.2290618420
1649864031005,4.7704524994,-4.7982096672,-2.5696864128
1649864031201,0.6443948746,-4.7017898560,-4.2023396492
1649864031399,-1.5556879044,-4.1466417313,-4.8334650993
1649864031596,-3.3524560928,-4.4113550186,-1.3598506451
1649864031786,-3.5254716873,-3.3711338043,6.0225324631
1649864031990,2.5306072235,-1.4534957409,10.3879995346
1649864032184,4.1318449974,-2.3979623318,3.4481039047
1649864032380,3.4203100204,-3.6633834839,-1.7922461033
1649864032580,4.1859731674,-4.0964307785,-4.3890304565
1649864032771,2.7228078842,-3.6459572315,-3.8920137882
1649864032972,0.3182096481,-4.3274655342,-2.6843125820
1649864033169,-2.1696333885,-3.3021407127,-2.0922262669
1649864033364,-4.5658874512,-3.4117400646,2.3182506561
1649864033565,-1.4247455597,-1.6500998735,8.3033084869
1649864033763,3.5469064713,-2.1637673378,5.9999203682
1649864033961,5.4292092323,-2.9029169083,0.1942131519
1649864034158,4.4767799377,-4.0771741867,-2.1337046623
1649864034348,4.1245470047,-5.9202828407,-4.6238975525
1649864034548,-0.3866996765,-4.3465480804,-4.6877660751
1649864034745,-1.3799028397,-4.1858773232,-3.0791273117
1649864034941,-3.2584257126,-4.3567676544,-0.1163163185
1649864035142,-1.9549989700,-2.4455516338,8.6666707993
1649864035333,2.7754192352,-0.7558116913,6.9963302612
1649864035536,3.2394595146,-1.9011409283,2.4020481110
1649864035733,3.7127819061,-4.6818337440,-0.2033798695
1649864035932,7.4156684875,-5.1455240250,-3.9625296593
1649864036128,3.2805747986,-5.8288989067,-3.6944737434
1649864036319,-1.9056930542,-5.2090978622,-1.5883599520
1649864036518,-3.6664724350,-3.4162518978,-2.4408576488
1649864036720,-4.3581514359,-3.9252333641,1.9727654457
1649864036912,-0.1891465187,-2.4071173668,9.8804864883
1649864037109,4.5622606277,-1.5617307425,4.9796342850
1649864037304,5.7198581696,-3.5943050385,-0.1994876862
1649864037507,4.4675168991,-5.3803586960,-2.4147906303
1649864037704,4.0449934006,-4.1652789116,-4.6033096313
1649864037896,-0.1028022766,-3.5733983517,-1.9683227539
1649864038095,-1.7173175812,-2.5876305103,-2.4290986061
1649864038294,-3.1717939377,-4.1294860840,0.4307277203
1649864038493,-3.5433893204,-1.3250567913,4.8594751358
1649864038689,0.1127552986,-0.8668625951,7.8351836205
1649864038881,4.5114455223,-1.5754675865,3.1337676048
1649864039084,5.5285000801,-2.9040169716,-0.2936663628
1649864039278,4.5847902298,-5.0068626404,-4.1865596771
1649864039474,2.2964839935,-4.7733020782,-2.4674453735
1649864039668,-0.8704128265,-3.3833520412,-4.6283111572
1649864039865,-1.4320445061,-3.1335568428,-3.9705562592
1649864040064,-2.8925967216,-3.1191475391,0.9317774773
1649864040264,-3.5997676849,-2.5032219887,6.4263253212
1649864040456,3.0870642662,-0.6373435259,7.9258508682
1649864040657,3.9522075653,-2.0479292870,3.0451188087
1649864040850,4.0098123550,-3.1703207493,-1.5232772827
1649864041054,4.6518974304,-4.8201994896,-3.3917813301
1649864041252,2.6908597946,-4.0892271996,-3.3382291794
1649864041448,-0.3859596252,-4.1911482811,-5.8591623306
1649864041644,-0.7695493698,-3.7944972515,-2.7537031174
1649864041837,-3.5675969124,-3.1127498150,1.4497718811
1649864042039,-4.6829853058,-0.7386106253,7.3173151016
1649864042236,1.3488912582,-2.0381827354,8.2274513245
1649864042432,4.7402153015,-3.7096154690,2.2463357449
1649864042631,4.7100181580,-4.2628154755,-2.4913446903
1649864042823,5.2006330490,-4.2942047119,-4.1666002274
1649864043018,-0.7033004761,-4.5944604874,-3.2179987431
1649864043219,-0.9861888885,-3.7416660786,-3.6162304878
1649864043415,-2.2935237885,-2.8869919777,-2.2427148819
1649864043616,-5.1142168045,-3.2870230675,5.1982584000
1649864043826,-1.1239233017,-0.9371628165,7.9031066895
1649864044010,4.2266926765,-1.6317174435,4.6608610153
1649864044206,4.3758659363,-4.1550340652,-0.2442039251
1649864044398,5.6801500320,-2.7007987499,-3.7151064873
1649864044600,1.9657020569,-5.1470136642,-2.7956290245
1649864044798,-0.3419771194,-3.7211642265,-4.5669627190
1649864044995,-0.9749255180,-3.6383938789,-3.1216101646
1649864045192,-4.3456482887,-3.7534780502,1.3339629173
1649864045383,-3.8398847580,-0.7633700371,6.7301092148
1649864045586,0.2884988785,-0.1692363024,7.0018644333
1649864045784,3.3712797165,-2.6352889538,3.1607339382
1649864045977,3.4199352264,-3.6811199188,-1.2663594484
1649864046175,6.6208505630,-4.3802390099,-3.6676149368
1649864046368,0.6536474228,-4.3999662399,-2.7100040913
1649864046568,-1.3113746643,-3.4868831635,-4.3196573257
1649864046764,-2.0445256233,-3.0877225399,-2.5816738605
1649864046965,-3.5334892273,-2.9703965187,2.0059144497
1649864047163,-1.0761947632,-1.3871457577,6.9801750183
1649864047352,2.7478160858,-0.7772086859,7.7527484894
1649864047552,2.5004472733,-3.2904880047,2.3386421204
1649864047748,3.2508258820,-2.7577323914,-3.4513955116
1649864047946,4.9857473373,-3.8005487919,-2.7584199905
1649864048146,1.8545846939,-3.9942433834,-3.4008183479
1649864048342,0.5261149406,-3.8078687191,-3.4437332153
1649864048548,-0.5833897591,-3.1839225292,-1.6541466713
1649864048740,-5.1518836021,-2.3616483212,1.8311879635
1649864048930,-3.7061319351,-1.4185447693,7.9790873528
1649864049130,2.2491617203,-1.9093384743,6.0440921783
1649864049326,4.0540175438,-3.3539686203,2.2960095406
1649864049528,5.2821903229,-4.4351334572,-2.2311303616
1649864049721,5.7637004852,-4.7328510284,-3.3464972973
1649864049916,0.6250829697,-5.3101530075,-2.5235366821
1649864050115,-1.6554584503,-3.9077360630,-3.6349866390
1649864050315,-4.3578839302,-3.8146371841,-1.0600118637
1649864050510,-4.8644590378,-1.0763239861,5.4777350426
1649864050710,-1.1317262650,-1.8798725605,8.0002546310
1649864050900,4.3928318024,-3.1509165764,4.5752720833
1649864051103,5.3747806549,-4.0764846802,-1.3695368767
1649864051301,4.8997287750,-4.6248288155,-1.9989082813
1649864051492,1.3025522232,-3.8278286457,-4.9097061157
1649864051695,-0.7029113770,-3.1980221272,-3.1219456196
1649864051889,-3.1667008400,-3.7593250275,-1.2211203575
1649864052084,-4.5243415833,-1.9542479515,4.5648794174
1649864052286,-0.4471111298,-0.8744195104,9.1552152634
1649864052476,4.7058677673,-1.9950473309,4.3857049942
1649864052680,2.9213933945,-3.8925037384,-1.2479355335
1649864052872,6.0396356583,-3.9314222336,-4.0620241165
1649864053070,3.2634487152,-3.8373932838,-3.0939235687
1649864053270,-0.4339971542,-4.5509438515,-3.5931942463
1649864053462,-2.7438545227,-3.9032161236,-3.2551856041
1649864053665,-4.7145214081,-3.2833139896,0.4304840565
1649864053863,-2.2372884750,-2.1041121483,8.1141529083
1649864054055,4.0202159882,-0.7590467930,7.2891650200
1649864054256,4.1160068512,-2.9160826206,3.3244085312
1649864054447,2.4763879776,-4.5695629120,-2.2104568481
1649864054649,4.6565456390,-3.0634226799,-5.4370450974
1649864054847,0.6286201477,-3.8898749352,-4.7614493370
1649864055044,-0.9259424210,-3.5793085098,-4.2107152939
1649864055242,-2.9236321449,-3.4177258015,-0.1139807701
1649864055431,-4.7344245911,-1.8592795134,5.8833765984
