1649931294102,0.8667449951,1.1155395508,-1.6659393311
1649931294333,-1.0306091309,-2.3323822021,-1.7608032227
1649931294516,-1.6352539062,-2.4884033203,0.2955627441
1649931294686,-0.2917633057,-2.4513244629,1.5904846191
1649931294931,1.7254486084,-0.9163208008,0.5873107910
1649931295106,1.8731536865,1.5252532959,-0.6183624268
1649931295289,0.8919677734,1.1829833984,-1.8309326172
1649931295521,0.0677947998,0.6799926758,-1.8254394531
1649931295695,-1.6169891357,0.2526397705,-1.4486541748
1649931295871,-1.9634094238,-3.5397644043,0.8168792725
1649931296112,0.7315063477,-3.4321289062,1.2379455566
1649931296287,1.7919769287,0.5935516357,-0.2933807373
1649931296466,1.6856842041,2.0961761475,-1.1411437988
1649931296703,1.0346832275,0.8408966064,-1.8205566406
1649931296874,-0.6963958740,0.7664947510,-1.6341705322
1649931297059,-2.1368865967,-0.6678771973,-0.5010681152
1649931297292,-0.6479644775,-6.1169128418,1.5873718262
1649931297471,1.3814697266,0.2602691650,0.4453430176
1649931297649,1.9826812744,1.6642913818,-0.3828125000
1649931297880,1.5208129883,0.9464569092,-1.5964202881
1649931298064,0.1674804688,0.3366851807,-1.7078399658
1649931298241,-1.4961547852,0.6302642822,-1.3905487061
1649931298472,-2.0574798584,-3.4946289062,0.1991119385
1649931298654,0.3029785156,-4.8014068604,1.6064300537
1649931298833,1.4236145020,1.3648986816,0.2083892822
1649931299066,1.8959503174,1.3737640381,-0.6677093506
1649931299245,1.5239868164,1.4019775391,-1.6556091309
1649931299419,0.5495910645,0.8518371582,-1.7791900635
1649931299659,-1.2640228271,0.5269775391,-1.4269104004
1649931299832,-2.0907745361,-1.5789337158,-0.2455444336
1649931300011,-0.8444213867,-4.4205169678,1.4380645752
1649931300249,1.0191040039,0.4701690674,0.8490142822
1649931300425,1.9374237061,0.7551269531,0.0419311523
1649931300605,2.1158599854,1.5226287842,-0.6973419189
1649931300837,0.8666229248,0.3069915771,-1.4375915527
1649931301017,-1.0730590820,0.2569732666,-1.6709442139
1649931301196,-1.9149627686,-0.5497436523,-0.7697906494
1649931301427,-0.9607238770,-5.5478820801,1.2975006104
1649931301611,1.2768249512,-1.4370880127,0.5574340820
1649931301784,2.0584869385,1.5815124512,-0.3540344238
1649931302023,2.0134735107,2.2356414795,-1.1358184814
1649931302202,0.8275909424,0.7310638428,-1.5832824707
1649931302372,-0.8012847900,0.5651550293,-1.8257446289
1649931302615,-1.8417816162,-0.1733245850,-1.0936737061
1649931302794,-1.3086090088,-5.9539947510,1.2792968750
1649931302966,1.4040679932,-0.1623382568,1.0044097900
1649931303204,2.0182952881,1.8116912842,0.2295227051
1649931303377,2.1690673828,1.3991088867,-0.4160919189
1649931303560,1.2308197021,-0.3826751709,-1.5934295654
1649931303796,-0.6643371582,-0.3432159424,-1.8979492188
1649931303977,-1.9918670654,-1.0463867188,-0.8469390869
1649931304155,-1.0858306885,-5.4383544922,1.4574432373
1649931304384,1.5316772461,-2.2848510742,0.6006927490
1649931304565,2.1380920410,1.3196411133,-0.5401000977
1649931304745,1.7673492432,1.7887878418,-1.5344238281
1649931304978,0.5951538086,0.9992980957,-1.7311859131
1649931305154,-0.7478942871,1.2865905762,-1.9661865234
1649931305334,-1.9050140381,-2.2011718750,-0.8978271484
1649931305568,-0.8068389893,-5.3777618408,1.7523651123
1649931305746,1.6738891602,0.0746917725,0.6428985596
1649931305920,2.1705322266,2.5563507080,-0.3353424072
1649931306164,1.4129943848,-1.5255432129,-1.2917175293
1649931306340,-0.6580963135,1.2302703857,-1.6232910156
1649931306517,-1.8615722656,-1.7218170166,-0.2832336426
1649931306754,-0.7035522461,-4.7379302979,1.7921905518
1649931306925,1.4267883301,-0.4451599121,0.4830322266
1649931307104,1.7429199219,1.7008819580,-1.0144500732
1649931307346,1.4393157959,1.9347839355,-1.6974639893
1649931307524,-0.0498046875,0.2708435059,-1.5108337402
1649931307700,-1.2016448975,1.6105346680,-1.5188446045
1649931307930,-1.8240661621,-2.4777679443,-0.2359619141
1649931308114,-0.2417907715,-4.3194885254,1.4078979492
1649931308290,1.5355224609,0.8188476562,0.2666015625
1649931308526,1.8405303955,1.1862792969,-0.2708282471
1649931308701,1.4269104004,1.0526885986,-1.2363128662
1649931308879,0.3227081299,0.5448150635,-1.5107116699
1649931309119,-1.2834472656,0.4808502197,-1.3297729492
1649931309296,-1.8572998047,-0.9928741455,-0.0476226807
1649931309467,-0.8291473389,-4.4286499023,1.2111968994
1649931309712,1.0606994629,-1.6124725342,0.3432159424
1649931309885,1.5959472656,1.4991149902,-0.8738861084
1649931310066,1.3536071777,1.8751068115,-1.3604431152
1649931310301,0.2990112305,-0.0364227295,-1.4738159180
1649931310471,-1.2385559082,1.1464538574,-1.3212890625
1649931310657,-1.9648742676,-1.9629211426,0.1749114990
1649931310888,-0.2452697754,-4.8508148193,1.6872406006
1649931311066,1.4027252197,-1.0029449463,0.2640991211
1649931311247,1.6141510010,1.1720428467,-1.0239715576
1649931311476,1.2308807373,3.0524902344,-2.0341644287
1649931311659,0.0958862305,0.1435852051,-1.7118835449
1649931311837,-1.4802703857,1.1172485352,-1.3857879639
1649931312073,-1.8872985840,-3.1299285889,0.2215270996
1649931312251,0.1539916992,-5.0654144287,1.3547515869
1649931312426,1.5878753662,-0.4240875244,-0.2261810303
1649931312664,1.7221527100,1.9599456787,-1.0374145508
1649931312843,0.7656555176,1.4345397949,-1.5462036133
1649931313018,-0.1622619629,1.2664184570,-1.6894531250
1649931313258,-1.5195465088,0.0846405029,-0.9300231934
1649931313430,-1.5928497314,-4.1067199707,1.1940917969
1649931313606,0.6969299316,-2.7923736572,1.1891479492
1649931313845,1.6793823242,0.8109130859,-0.6164703369
1649931314019,1.5241699219,2.3176727295,-1.6652679443
1649931314200,0.8267364502,0.8522644043,-1.7352752686
1649931314437,-0.9312286377,0.2931365967,-1.4997253418
1649931314616,-1.8099517822,-0.5434570312,-0.3617248535
1649931314791,-0.8607788086,-4.8095855713,1.5719146729
1649931315027,1.2870941162,-2.7945098877,0.8113250732
1649931315207,1.7225189209,1.5476837158,-0.9983825684
1649931315385,1.3519592285,2.2267761230,-1.4471893311
1649931315620,0.3652191162,0.4847564697,-1.8563995361
1649931315797,-1.0778961182,0.1494598389,-1.3749237061
1649931315970,-1.9731750488,0.5500640869,-0.5722351074
1649931316215,-1.1971282959,-4.5477142334,1.4655609131
1649931316390,1.4013824463,-3.0136871338,0.5998382568
1649931316570,1.9342498779,1.5084533691,-0.9110870361
1649931316803,1.5643615723,2.5020294189,-1.8021087646
1649931316977,0.3888092041,0.5813446045,-2.2948303223
1649931317155,-1.6087951660,0.6838378906,-2.0554199219
1649931317396,-2.4149627686,-2.4697113037,-0.0122528076
1649931317570,0.0587615967,-5.7509307861,1.7728271484
1649931317751,1.7734069824,-0.1875610352,-0.0791473389
1649931317980,2.3341827393,1.3350372314,-1.2901916504
1649931318165,1.3657684326,2.1488342285,-2.4493865967
1649931318338,-0.2694702148,0.3530578613,-2.0411376953
1649931318573,-2.0627899170,-0.1145019531,-1.5457763672
1649931318754,-2.2654876709,-5.2368927002,1.2433319092
1649931318932,0.8373718262,-3.6976165771,1.0588989258
1649931319171,2.1255035400,1.1977691650,-1.0188446045
1649931319344,2.3292388916,2.4041748047,-1.7438201904
1649931319517,1.0749359131,0.8682556152,-1.7215881348
1649931319760,-0.7861938477,0.9448699951,-1.6842041016
1649931319938,-1.4300537109,1.1474304199,-1.8753509521
1649931320113,-2.2301788330,-5.7079925537,0.3977661133
1649931320351,0.7842864990,-4.8386688232,1.2932891846
1649931320522,2.0164642334,0.8289947510,-0.7751007080
1649931320707,2.2145080566,1.0742492676,-1.2021026611
1649931320944,1.5724945068,2.4689331055,-2.0164489746
1649931321120,0.1187438965,0.8771209717,-1.9432678223
1649931321297,-1.2063598633,0.6920928955,-2.2784576416
1649931321527,-2.2444000244,-4.4292602539,-0.4147644043
1649931321709,0.2246704102,-5.1554565430,1.6679992676
1649931321890,2.0742492676,0.4352264404,-0.1438903809
1649931322122,2.5283813477,1.9520721436,-0.6429138184
1649931322304,1.8456726074,1.0250854492,-1.1697235107
1649931322481,0.2611389160,0.0012664795,-1.3728485107
1649931322713,-0.8547973633,0.7258148193,-1.8552551270
1649931322889,-1.6908416748,-0.2041778564,-1.6951293945
1649931323064,-2.0414123535,-5.0996856689,1.0940856934
1649931323301,0.9479370117,-3.8811798096,1.2025756836
1649931323478,2.3327178955,0.9290466309,-0.7062683105
1649931323655,2.4636230469,2.4584197998,-1.3996582031
1649931323894,0.8795166016,0.4230041504,-1.7994079590
1649931324068,-0.7595672607,1.0913543701,-2.0630035400
1649931324248,-1.7894287109,-0.5258636475,-1.6585998535
1649931324483,-1.7424011230,-5.4704895020,1.1102142334
1649931324661,1.3396301270,-3.2560882568,0.9587860107
1649931324838,2.1956939697,1.9272155762,-0.3709564209
1649931325074,2.0793304443,1.1854248047,-1.1151123047
1649931325252,1.1920928955,1.1325378418,-1.9291687012
1649931325436,-0.6376953125,0.5724182129,-2.1506042480
1649931325668,-2.0451965332,-0.9656829834,-1.4267883301
1649931325850,-1.3667144775,-6.2211303711,1.5293273926
1649931326024,1.6090240479,-2.2567596436,0.7939147949
1649931326265,2.4152984619,2.1837768555,-0.6756591797
1649931326439,2.2631988525,1.7816314697,-1.4341735840
1649931326612,0.9481201172,-0.0805358887,-1.6923217773
1649931326857,-0.7660369873,0.5241088867,-1.9137725830
1649931327025,-2.0793457031,-0.6435089111,-1.7309875488
1649931327208,-2.0650634766,-5.9185028076,1.4140625000
1649931327442,1.4989318848,-2.2579193115,0.8842010498
1649931327618,2.5483551025,1.5491333008,-0.6426086426
1649931327798,2.4679565430,1.8721008301,-1.4008789062
1649931328030,1.1986389160,0.1435241699,-1.6514587402
1649931328215,-0.7865600586,0.8416290283,-2.1432647705
1649931328389,-2.2054290771,-1.2725830078,-1.6785888672
1649931328627,-1.7570037842,-5.8660888672,1.5025787354
1649931328802,1.5425567627,-3.3082427979,0.5506591797
1649931328981,2.2765197754,1.3621520996,-1.2553100586
1649931329221,2.2067565918,4.0570068359,-1.8553619385
1649931329398,1.1400604248,-0.4548645020,-1.7600097656
1649931329567,-1.2888183594,0.6651458740,-1.9164581299
1649931329810,-2.2270507812,-1.1703796387,-1.4630737305
1649931329985,-1.5533294678,-5.1031646729,1.2129058838
1649931330167,1.3898925781,-3.2441711426,0.6605529785
1649931330403,2.2543334961,-0.0599517822,-0.8348541260
1649931330572,1.8735809326,2.3951416016,-1.6348419189
1649931330758,1.0018768311,0.8957519531,-1.9751586914
1649931330995,-1.0327453613,0.3531188965,-1.9421081543
1649931331172,-2.2833862305,0.0124359131,-1.4130401611
1649931331344,-1.8183288574,-4.6765899658,1.1791839600
1649931331579,1.2170867920,-4.0784912109,0.9973297119
1649931331762,2.6140747070,1.3679504395,-0.8402252197
1649931331941,2.5766906738,2.9149322510,-1.2462158203
1649931332173,1.3123779297,0.5809783936,-2.0630645752
1649931332350,-0.8876037598,0.1426849365,-2.3052062988
1649931332531,-2.2809906006,-1.3789367676,-1.3146209717
1649931332767,-0.9502258301,-6.6941833496,1.9309234619
1649931332946,1.5362548828,-1.6141815186,0.4542694092
1649931333114,2.2767028809,1.3774261475,-0.7878112793
1649931333356,2.2281951904,2.3369750977,-1.6590270996
1649931333535,0.9604492188,0.5973358154,-1.8907928467
1649931333714,-0.9532165527,0.0443267822,-2.0035705566
1649931333947,-2.2307891846,-0.5171203613,-1.3209838867
1649931334120,-1.7439270020,-4.6072082520,0.9665985107
1649931334302,1.0568542480,-4.4142303467,1.0487060547
1649931334539,2.0509185791,1.2087707520,-0.7011260986
1649931334717,2.2711334229,1.5007019043,-1.3386383057
1649931334895,1.6044311523,1.8617858887,-2.1750946045
1649931335124,-0.2179107666,-0.3105926514,-1.7975158691
1649931335310,-1.9808197021,0.2783508301,-1.9495697021
1649931335485,-2.5164947510,-2.7653045654,0.1502380371
1649931335723,0.0525207520,-5.1080017090,1.7059326172
1649931335899,2.1197052002,-0.3153533936,0.0405273438
1649931336078,2.5864715576,1.3072967529,-0.9854278564
1649931336311,1.6732788086,1.2850036621,-2.1974487305
1649931336492,-0.3234710693,-0.8214569092,-1.9577484131
1649931336662,-2.3123321533,0.5460815430,-1.7804718018
1649931336905,-2.6734771729,-3.4978637695,0.7284851074
1649931337082,0.5065155029,-4.4128875732,1.5252990723
1649931337258,2.3852539062,-0.0617218018,-0.3155517578
1649931337495,2.5325927734,1.4786987305,-1.3374786377
1649931337668,1.2762145996,1.1127929688,-2.2642822266
1649931337852,-0.8136901855,0.2654571533,-2.2121124268
1649931338083,-2.4824676514,-0.8180999756,-1.2471313477
1649931338266,-1.8739776611,-4.5731201172,1.8414916992
1649931338442,1.2431030273,-3.3281097412,0.7378997803
1649931338673,2.4420013428,1.5405273438,-1.2557373047
1649931338857,2.2886657715,2.2709503174,-1.7022857666
1649931339030,0.7379760742,0.8394927979,-1.8437652588
1649931339269,-1.0401458740,0.8566589355,-2.3353271484
1649931339448,-2.4075012207,-1.6818695068,-1.3866424561
1649931339622,-0.9323883057,-5.9910125732,1.8097839355
1649931339860,1.9620361328,-1.5417938232,0.4024047852
1649931340035,2.6567230225,1.8282470703,-0.8594665527
1649931340213,1.9245300293,1.0669250488,-1.3430328369
1649931340452,-0.0422821045,0.1679687500,-2.0863952637
1649931340623,-1.8603515625,1.0620880127,-2.2527465820
1649931340807,-2.4933929443,-3.4290771484,-0.2233123779
1649931341042,0.5941162109,-6.1163024902,1.5511322021
1649931341216,2.2274627686,0.3796997070,-0.3713836670
1649931341397,2.5061950684,2.2441253662,-0.9003295898
1649931341632,1.8990020752,1.2754669189,-1.6197509766
1649931341811,-0.1472320557,-0.4287872314,-2.0630035400
1649931341991,-2.2776336670,-0.0717468262,-1.6402130127
1649931342220,-1.9732360840,-5.9350433350,1.1771087646
1649931342403,1.3694305420,-1.8166351318,1.1867523193
1649931342578,2.4362640381,1.7508544922,-0.5691223145
1649931342817,2.5475616455,2.8605499268,-1.0116882324
1649931342991,0.9344329834,-0.5600128174,-1.7452239990
1649931343164,-1.2249298096,-0.0917816162,-1.9400329590
1649931343410,-2.1439819336,-1.0866394043,-0.8324127197
1649931343590,-1.0630493164,-4.7332916260,1.3664703369
1649931343759,1.6919708252,-1.8701477051,0.4246978760
1649931343998,2.5735168457,2.9053344727,-0.4722290039
1649931344170,2.2688140869,1.0389404297,-0.9121856689
1649931344351,0.2911834717,-0.3444366455,-1.7391815186
1649931344588,-1.6641387939,-0.3385009766,-1.8137664795
1649931344764,-2.4328002930,-1.0477294922,-0.1740112305
1649931344941,-0.3320770264,-5.1930236816,1.5199279785
1649931345175,2.1376037598,-0.8678894043,0.0419311523
1649931345358,2.5513458252,3.2107696533,-0.7314910889
1649931345536,1.9880065918,1.0740661621,-0.9609985352
1649931345768,-0.0212097168,0.1264953613,-1.7553710938
1649931345952,-1.6988983154,0.2910614014,-2.1634979248
1649931346129,-2.3142242432,-4.7373199463,0.2363739014
1649931346362,0.8197174072,-3.9344482422,1.1022186279
1649931346543,2.3697357178,1.5429077148,-0.3921508789
1649931346713,2.4273986816,2.0272064209,-1.0432128906
1649931346953,1.1944122314,0.1595306396,-1.6924438477
1649931347133,-1.0564422607,0.3597106934,-2.2008819580
1649931347308,-2.2977294922,-0.9167480469,-1.4294738770
1649931347544,-1.1018981934,-5.4271697998,1.6354980469
1649931347718,1.8507385254,-1.2848052979,0.9698944092
1649931347902,2.5026550293,1.6069946289,-0.4156036377
1649931348139,2.1319732666,1.8397369385,-1.1501159668
1649931348315,0.4774475098,0.9672241211,-2.1338653564
1649931348491,-1.2768554688,0.1262512207,-2.1874389648
1649931348724,-2.2239379883,-2.7752075195,-0.5658264160
1649931348900,-0.0113677979,-6.1102447510,1.3429565430
1649931349085,2.1551361084,-0.0209197998,-0.1515960693
1649931349320,2.4892272949,1.9495086670,-0.8987426758
1649931349498,1.6957550049,1.4716796875,-1.5815124512
1649931349670,-0.3008117676,-0.2345428467,-1.9818878174
1649931349910,-2.1084289551,-0.2546997070,-1.5137634277
1649931350087,-2.1548614502,-3.9208984375,1.5092926025
1649931350258,1.3262481689,-3.2221221924,1.2232208252
1649931350502,2.4858551025,1.1504211426,-0.7792663574
1649931350677,1.9840850830,1.8349609375,-1.6501770020
1649931350856,0.2188568115,0.2784118652,-2.1931152344
1649931351094,-1.4040985107,1.1537322998,-2.3153533936
1649931351265,-2.3733673096,-4.2489318848,0.2323303223
1649931351447,0.5945434570,-4.6572418213,1.7298126221
1649931351682,2.1998443604,0.5082244873,-0.5405273438
1649931351861,2.4115753174,2.7300720215,-1.2680816650
1649931352037,1.3382110596,0.3991241455,-1.8959350586
1649931352269,-1.0428314209,-0.1110839844,-2.1371612549
1649931352453,-2.6018218994,-0.9119873047,-0.8782196045
1649931352631,-1.0489349365,-5.7717132568,1.9039154053
1649931352866,2.0406036377,-0.8404541016,0.5991058350
1649931353046,2.5185394287,2.1951904297,-0.7021636963
1649931353216,2.0437774658,1.4402313232,-1.4121246338
1649931353460,-0.0033111572,-1.0347747803,-2.0390014648
1649931353636,-1.8502807617,0.1541595459,-1.5522613525
1649931353809,-2.0723876953,-2.2131500244,0.6870727539
1649931354047,0.2236938477,-3.3769683838,1.7883453369
1649931354222,1.9919128418,0.0979614258,0.0765075684
1649931354404,2.4705963135,2.2210998535,-0.6399841309
1649931354638,1.8950958252,0.9911651611,-1.7236633301
1649931354813,-0.8851623535,-0.5458374023,-2.3173675537
1649931354997,-2.3050079346,-1.2669067383,-0.9079742432
1649931355227,-1.0802764893,-4.6324920654,1.6369171143
1649931355407,1.6959381104,-2.1802215576,0.7989807129
1649931355588,2.4512786865,1.6523742676,-0.6551971436
1649931355819,2.0154876709,2.0014953613,-1.7598876953
1649931356001,0.1492919922,0.0019378662,-2.1490173340
1649931356177,-1.6370849609,0.3443908691,-2.2055816650
1649931356414,-2.3416595459,-3.7138671875,0.3838958740
1649931356594,0.9769439697,-4.4043884277,1.5364227295
1649931356764,2.4927673340,1.2895812988,-0.2020416260
