1649854640771,0.0418853760,-0.3614349365,0.4231567383
1649854640966,-0.1331939697,0.3215789795,0.9768524170
1649854641170,-0.2697143555,0.0054626465,1.2231597900
1649854641359,-0.2630004883,0.5593872070,0.9068450928
1649854641558,-0.0680084229,0.2857818604,0.3766632080
1649854641753,0.1248931885,0.0996551514,0.0023345947
1649854641952,0.0216064453,-0.6434020996,-0.0466613770
1649854642149,-0.1315460205,-1.3788299561,0.2596282959
1649854642345,-0.0898132324,-1.0528717041,0.5197296143
1649854642542,-0.0891418457,-1.2517089844,0.8059234619
1649854642740,0.1553192139,0.4275665283,0.9547424316
1649854642939,0.8454742432,2.1376342773,0.6350097656
1649854643133,1.7187805176,2.4786224365,0.0748443604
1649854643330,1.8594665527,0.3898162842,-0.6745147705
1649854643527,1.2369232178,-0.1479949951,-1.6346130371
1649854643727,0.6305084229,1.0232238770,-2.0457916260
1649854643921,-0.5398406982,-0.4938659668,-1.5214843750
1649854644123,-1.5063629150,-3.4835205078,0.1259765625
1649854644318,-0.3598785400,-3.7239685059,1.9194793701
1649854644517,1.1055297852,-1.1785888672,1.7653045654
1649854644716,1.7592773438,1.7728881836,1.1799621582
1649854644908,2.3298339844,2.2459411621,0.6909637451
1649854645110,2.3730773926,-0.9493865967,-1.2766418457
1649854645303,0.8817596436,-1.5213470459,-2.8253784180
1649854645507,-0.7753906250,-0.0304565430,-2.5261230469
1649854645701,-1.7041625977,-1.7502441406,-0.8249664307
1649854645892,-0.6935424805,-4.0089416504,2.0358581543
1649854646097,1.4201812744,-3.4416809082,2.1299896240
1649854646291,2.1290435791,1.3688507080,1.2121582031
1649854646490,2.3772430420,2.4714202881,0.2642669678
1649854646686,2.5595855713,-1.1365661621,-1.8937377930
1649854646877,0.9109649658,-0.0655212402,-3.0297241211
1649854647083,-0.3828582764,0.3814392090,-2.8186645508
1649854647277,-1.6704406738,-1.3880615234,-1.6532440186
1649854647474,-1.5375213623,-4.1334228516,1.7290191650
1649854647670,0.4934997559,-4.0091705322,2.6894226074
1649854647878,1.9806671143,-0.7878723145,1.4500885010
1649854648066,2.2233581543,2.2081909180,0.2825927734
1649854648265,2.4273223877,0.3687438965,-1.0443267822
1649854648455,1.4029693604,-1.5933685303,-2.7215270996
1649854648659,-0.2023925781,-0.4010772705,-2.8936767578
1649854648851,-1.2502899170,0.4583587646,-2.3917236328
1649854649053,-1.5306091309,-3.9741668701,0.2479095459
1649854649251,0.4752349854,-4.9723968506,2.8726806641
1649854649441,2.2770538330,-1.0845794678,1.8002471924
1649854649644,2.3598937988,2.1824798584,1.0175933838
1649854649845,2.5969696045,1.1846771240,-0.2942504883
1649854650040,1.7344207764,-2.6628265381,-2.6232452393
1649854650235,-0.3107757568,0.1420440674,-2.9839019775
1649854650426,-0.9279327393,0.9925079346,-2.4530639648
1649854650628,-1.8241424561,-2.2304534912,0.0194396973
1649854650824,-0.7944030762,-3.7748565674,2.7207031250
1649854651024,0.9514007568,-2.2485351562,2.5109252930
1649854651220,1.6700897217,1.6397094727,1.6971282959
1649854651412,2.4309844971,1.4154663086,0.3288421631
1649854651615,2.3994750977,-1.6335601807,-2.2281341553
1649854651809,0.7786560059,-0.5881195068,-2.9497528076
1649854652009,-0.2519989014,0.5461425781,-2.6071777344
1649854652206,-1.6882171631,-1.6510314941,-1.0666809082
1649854652397,-1.4419708252,-4.1789398193,2.1827697754
1649854652602,0.4664916992,-2.7356872559,2.7469024658
1649854652799,1.4494476318,0.7173614502,1.9595489502
1649854652988,2.2757110596,1.6293334961,0.8230895996
1649854653192,2.6174316406,0.2242126465,-0.9706573486
1649854653390,1.7716827393,-0.6302642822,-2.3029022217
1649854653586,0.5149383545,0.3641052246,-2.3643646240
1649854653780,-0.8904876709,-2.2732086182,-1.8880004883
1649854653974,-1.3166809082,-4.3157043457,1.3511352539
1649854654177,0.6413269043,-3.8203582764,2.4083099365
1649854654374,1.6142578125,0.9311676025,1.7636413574
1649854654571,2.2265319824,2.0061798096,1.1167449951
1649854654767,2.8474884033,-0.3684539795,-0.9121398926
1649854654961,1.3963623047,-1.5931854248,-2.8184204102
1649854655163,0.2674713135,1.0050201416,-2.7516479492
1649854655361,-0.8929290771,0.3169403076,-2.1116943359
1649854655553,-1.9395294189,-3.2729492188,0.4961700439
1649854655753,-0.5284271240,-4.3896942139,2.6630401611
1649854655947,0.9585571289,-1.0021057129,2.4359130859
1649854656151,2.0923919678,1.5864562988,1.4280395508
1649854656345,2.9845581055,0.4694061279,-0.5914306641
1649854656541,2.2539672852,-1.1401062012,-2.5620422363
1649854656739,0.7658233643,0.6303100586,-2.6138916016
1649854656934,-0.6374053955,-0.3851928711,-2.7131652832
1649854657133,-1.8867492676,-4.5645904541,0.0206604004
1649854657331,-0.2579345703,-4.7019653320,2.7321929932
1649854657529,1.4468231201,-0.6792602539,2.2498321533
1649854657727,2.2125396729,1.4004974365,1.4508819580
1649854657920,3.0009307861,0.0202484131,0.0939636230
1649854658118,2.0615386963,-2.3386840820,-2.4487762451
1649854658313,0.0815277100,-0.0175170898,-2.9180450439
1649854658508,-1.1831512451,1.1020965576,-2.8440093994
1649854658712,-2.4292602539,-2.8521881104,-1.2947845459
1649854658910,-1.2859039307,-5.1152801514,2.1998138428
1649854659104,0.9796905518,-1.6900634766,2.4569854736
1649854659302,2.2189025879,0.0921478271,1.8236999512
1649854659494,3.0051422119,0.0698394775,0.0146789551
1649854659695,2.5417480469,-1.6621551514,-2.5068817139
1649854659892,0.6912994385,-0.1271667480,-3.0671081543
1649854660092,-0.7713012695,0.6036224365,-3.1251373291
1649854660287,-2.3247375488,-3.4551849365,-1.8607635498
1649854660480,-0.9362945557,-5.6763610840,2.1122741699
1649854660684,1.5675964355,-2.2350311279,2.1557159424
1649854660880,2.5856628418,0.6587829590,1.7157592773
1649854661075,3.5902404785,0.0133361816,0.2582244873
1649854661273,2.0787658691,-1.7723541260,-2.8206787109
1649854661463,0.2612457275,0.2984313965,-3.3916625977
1649854661669,-1.3103332520,0.2257385254,-3.0798645020
1649854661862,-2.7065429688,-4.6877899170,-0.3443450928
1649854662061,0.0591125488,-5.1137542725,2.1899108887
1649854662258,2.0391235352,-0.8175659180,1.8917541504
1649854662457,2.4345397949,0.9698944092,0.9685516357
1649854662655,2.6789398193,-0.0404205322,-0.8388977051
1649854662850,1.8728942871,-0.7523193359,-2.5523223877
1649854663041,0.5330200195,0.2047271729,-2.9371795654
1649854663247,-0.6649475098,0.5294036865,-3.0366210938
1649854663441,-2.1572418213,-4.2038574219,-0.5717620850
1649854663637,-0.4675903320,-5.0371551514,2.4411010742
1649854663837,1.6061401367,-2.0003967285,2.3384246826
1649854664027,2.1971588135,1.1610412598,1.3901672363
1649854664228,2.8906097412,0.2735137939,-0.5859375000
1649854664426,1.9935455322,-1.6146850586,-2.7920837402
1649854664627,0.4659423828,0.3159027100,-2.9403533936
1649854664822,-0.5192565918,0.9953155518,-2.8692474365
1649854665013,-1.8600006104,-2.6944580078,-0.8741455078
1649854665216,-1.0518188477,-5.1105194092,2.4190521240
1649854665412,0.8796844482,-2.1220703125,2.6698760986
1649854665612,1.7719268799,-0.0600891113,1.8508911133
1649854665809,2.6570129395,1.4107666016,0.3707427979
1649854665998,2.6192016602,-1.4225616455,-2.2220306396
1649854666201,0.9834747314,0.2833404541,-3.0828094482
1649854666398,0.1218414307,1.0118713379,-3.1531677246
1649854666596,-1.3045349121,-1.8132171631,-1.8987579346
1649854666789,-1.7109375000,-5.9000091553,1.5991516113
1649854666985,0.7977752686,-3.6114959717,2.5495910645
1649854667185,1.9208526611,0.7248840332,1.8580932617
1649854667383,2.7044219971,1.5048370361,0.6617584229
1649854667576,2.8882293701,-1.5317382812,-1.7641754150
1649854667780,1.2917175293,-0.1421356201,-3.1676025391
1649854667975,0.1748657227,1.3671417236,-2.9288635254
1649854668174,-1.3860931396,-1.4779815674,-2.2337493896
1649854668370,-1.9646911621,-6.1243133545,1.2696990967
1649854668559,0.7344818115,-3.7711791992,2.3365783691
1649854668765,2.1063079834,0.5254364014,1.6980438232
1649854668962,2.7611083984,1.1045989990,0.5199279785
1649854669152,2.8147430420,-1.0595245361,-1.7829895020
1649854669356,1.2508544922,-0.6734008789,-2.9651489258
1649854669546,-0.2746124268,1.0333099365,-3.0447540283
1649854669749,-1.6363525391,-1.4341125488,-2.5381469727
1649854669947,-1.8587188721,-5.9750823975,1.3194885254
1649854670139,0.7950286865,-3.6614074707,2.2848510742
1649854670341,1.8100433350,0.3747863770,1.9039611816
1649854670531,2.5126037598,1.1525421143,0.8265075684
1649854670736,3.1702728271,-0.9492034912,-1.1151885986
1649854670931,1.6398620605,-1.3740081787,-2.9967346191
1649854671126,-0.3201141357,0.3686828613,-3.3351593018
1649854671324,-1.9759368896,-1.4271545410,-2.2502441406
1649854671523,-2.0231628418,-5.5697174072,1.4827728271
1649854671721,0.7924041748,-3.5022125244,2.3722076416
1649854671918,2.1363677979,0.3601837158,1.6642608643
1649854672109,2.9120025635,1.7091064453,0.7641448975
1649854672312,3.1521911621,-1.2325286865,-1.2473754883
1649854672505,1.2964782715,-0.7730407715,-3.0151214600
1649854672707,-0.1951904297,0.3871917725,-3.1175079346
1649854672903,-1.8113098145,-2.3570251465,-1.7866516113
1649854673094,-1.3144989014,-6.1653747559,2.1721954346
1649854673292,1.2135314941,-2.1949615479,2.3531951904
1649854673493,2.2472381592,0.9841308594,1.6579742432
1649854673688,3.1063690186,0.9744873047,0.3637237549
1649854673888,2.7736358643,-1.0875091553,-2.1872100830
1649854674079,0.8975830078,0.2669067383,-3.0966644287
1649854674283,-1.0251159668,0.2119293213,-2.9614257812
1649854674479,-2.3529663086,-3.4841918945,-0.6793365479
1649854674676,-0.8066711426,-5.3004302979,2.0786132812
1649854674870,1.2310638428,-1.4707641602,1.8470916748
1649854675064,2.1255035400,0.6135101318,1.4206390381
1649854675269,2.8768615723,0.0597686768,-0.3550262451
1649854675464,1.9264678955,-1.5374755859,-2.7428588867
1649854675660,0.6247100830,0.5906677246,-3.0467681885
1649854675861,-0.5216979980,0.1032562256,-2.7887268066
1649854676056,-2.0789337158,-1.9430999756,-0.9364471436
1649854676255,-1.3009948730,-4.5960388184,2.3031158447
1649854676450,0.8421173096,-2.4427337646,2.6483154297
1649854676645,1.9013061523,0.4815063477,1.8390350342
1649854676843,2.8159637451,1.0743560791,0.0344696045
1649854677041,2.4024047852,-1.5445556641,-2.1498870850
1649854677240,0.5790252686,0.3343505859,-2.8239135742
1649854677436,-0.6428375244,1.0910339355,-2.7744903564
1649854677628,-1.8291473389,-2.6913452148,-1.5936889648
1649854677829,-0.9210968018,-5.6015930176,1.9185028076
1649854678027,1.2551879883,-2.4394836426,2.1851501465
1649854678226,2.0187225342,0.6271362305,1.6432495117
1649854678422,2.6599426270,1.0085601807,0.2910919189
1649854678613,2.4203643799,-1.5447998047,-2.1586761475
1649854678815,0.7102966309,-0.7599639893,-2.9443817139
1649854679014,-0.5179748535,1.4071044922,-2.7082824707
1649854679212,-1.3688507080,-0.0197753906,-2.3795776367
1649854679404,-1.9132690430,-4.9479064941,0.8327484131
1649854679598,0.2649078369,-4.6896209717,2.6373748779
1649854679797,1.5570220947,-0.3663177490,2.0927886963
1649854679994,2.3728332520,0.8256072998,0.7232818604
1649854680194,2.7407684326,0.2477874756,-1.4737701416
1649854680393,1.7188415527,-1.3809661865,-2.8958740234
1649854680586,0.1407775879,0.7881622314,-2.8197631836
1649854680786,-0.9567108154,0.7728271484,-2.8506164551
1649854680984,-1.9111175537,-4.1454010010,-0.4833068848
1649854681176,-0.3843841553,-5.1235198975,2.3997497559
1649854681379,1.3714447021,-1.9156646729,2.0459289551
1649854681572,2.1453552246,1.3086853027,1.1764221191
1649854681775,2.9121704102,1.3654327393,0.3591461182
1649854681972,2.3993530273,-1.9944610596,-1.9299621582
1649854682162,0.6357116699,-0.1382293701,-2.9234924316
1649854682366,-0.2670288086,1.1369018555,-3.0334472656
1649854682560,-1.3130798340,-1.3863525391,-1.5729827881
1649854682756,-1.5533294678,-5.0534057617,1.6080627441
1649854682953,0.5475006104,-3.7938537598,2.6743927002
1649854683147,1.5845184326,-0.1580657959,1.9802703857
1649854683347,2.1595764160,1.4455261230,0.4050750732
1649854683546,2.5900726318,-0.5159759521,-1.5322875977
1649854683746,1.4160919189,-0.9627685547,-2.8478088379
1649854683937,0.3924560547,0.8221282959,-2.7135314941
1649854684132,-0.5945739746,0.3891448975,-2.4237365723
1649854684335,-2.2209014893,-2.9649505615,-0.1278381348
1649854684535,-1.1264648438,-4.9709930420,2.6161193848
1649854684725,1.0260467529,-1.9699096680,2.5299224854
1649854684929,1.9836578369,0.6207275391,1.2799072266
1649854685120,2.6174316406,1.2926788330,-0.1097564697
1649854685318,2.3997192383,-1.5198211670,-2.3835449219
1649854685519,0.9130401611,0.3893280029,-3.0754089355
1649854685712,-0.4440612793,0.6900024414,-3.0820770264
1649854685914,-1.7996978760,-2.3341674805,-1.4142150879
1649854686106,-1.1521148682,-5.8497924805,1.9095916748
1649854686306,1.4120635986,-3.3910980225,2.1942596436
1649854686503,2.1367340088,0.4697113037,1.4389190674
1649854686696,2.3815765381,2.1623687744,0.9457550049
1649854686900,2.7639770508,-1.1975860596,-0.9471435547
1649854687094,1.3415069580,-1.7617797852,-2.7623443604
1649854687291,-0.1090698242,-0.1052246094,-2.8471984863
1649854687489,-1.0936584473,1.3519897461,-2.5949554443
1649854687681,-2.1788024902,-2.2783355713,-1.2468261719
1649854687883,-1.2215118408,-6.1017150879,1.8450775146
1649854688082,1.5897064209,-3.2412567139,2.0402526855
1649854688274,2.2638549805,0.7251281738,1.3043975830
1649854688474,2.6338043213,1.7530364990,0.3067321777
1649854688665,2.7312316895,-1.2765808105,-1.9857482910
1649854688869,1.0262908936,-1.3743743896,-3.0974578857
1649854689065,-0.6085662842,0.1679534912,-2.9572753906
1649854689264,-1.9720306396,-0.2807312012,-1.7407836914
1649854689458,-2.2693481445,-4.3953704834,1.2196655273
1649854689653,0.5630798340,-4.6818084717,2.7123870850
1649854689854,2.0824890137,-0.4705963135,1.9083099365
1649854690052,2.2488861084,1.1816864014,0.5605468750
1649854690243,2.3603820801,-1.1217803955,-2.0250701904
1649854690446,0.9327087402,-1.2416992188,-3.2093200684
1649854690650,-0.0105895996,1.1565856934,-2.8652648926
1649854690838,-1.2881011963,0.3224945068,-2.5139007568
1649854691035,-2.3362884521,-4.3015441895,0.2555999756
1649854691227,-0.2016754150,-4.8160705566,2.8271789551
1649854691431,1.7001495361,-1.2588500977,2.1218109131
1649854691630,2.1390533447,1.0202331543,1.2295684814
1649854691825,2.5494384766,-0.0080413818,-0.6379852295
1649854692022,1.6884155273,-1.7711944580,-2.9126129150
1649854692214,0.2523193359,0.9680633545,-3.1472473145
1649854692412,-0.8274993896,1.1071624756,-3.1281280518
1649854692613,-2.3422851562,-2.4867095947,-1.1595458984
1649854692812,-1.4272003174,-5.4304351807,2.1117248535
1649854693008,1.1581268311,-3.7011718750,2.2686614990
1649854693200,2.0215911865,0.6813812256,1.1640167236
1649854693404,2.6366729736,0.8072814941,-0.2470245361
1649854693601,2.2992248535,-1.3542785645,-2.4974670410
1649854693794,0.8446197510,-0.0596618652,-3.1129150391
1649854693991,-0.3207855225,0.7971496582,-3.0518951416
1649854694192,-1.7841949463,-0.3289947510,-1.9641113281
1649854694388,-2.3165588379,-5.1242065430,0.9313354492
1649854694584,0.7156677246,-5.3800354004,2.5230255127
1649854694778,2.1424255371,0.3768005371,1.7008514404
1649854694979,2.7318420410,1.2290344238,0.4907226562
1649854695177,2.7877502441,-1.4019927979,-2.1264801025
1649854695372,0.8723602295,-1.0208587646,-3.1030883789
1649854695568,-0.4825439453,0.6070404053,-2.9121246338
1649854695762,-1.3814392090,0.4707489014,-2.1528167725
1649854695965,-2.1031188965,-5.0199279785,0.7234649658
1649854696159,0.1560516357,-4.9780120850,2.9001159668
1649854696360,1.8894042969,-0.3569183350,1.8794097900
1649854696557,2.5193786621,1.3535919189,0.3334808350
1649854696747,2.7360534668,-0.3586883545,-1.6352233887
1649854696951,1.4170074463,-1.1033325195,-3.0802917480
1649854697147,0.0531311035,1.1469879150,-3.1295318604
1649854697346,-1.1526641846,-0.2759704590,-2.2868347168
1649854697543,-2.0428314209,-4.9938964844,0.7709960938
1649854697733,0.2920989990,-5.3068542480,2.9613800049
1649854697936,1.9140777588,-0.2806701660,1.9728088379
1649854698134,2.5088806152,1.6714172363,0.8560180664
1649854698327,2.9064941406,-0.7839050293,-1.2268524170
1649854698526,1.2654571533,-1.5555572510,-3.0509185791
1649854698720,-0.0595245361,1.0477294922,-3.1374206543
1649854698924,-0.7864532471,0.5355682373,-2.6748046875
1649854699119,-2.0008697510,-3.8835754395,-0.1658325195
1649854699312,-0.4695281982,-5.3077697754,2.6995086670
1649854699512,1.6289825439,-2.3365478516,2.2488098145
1649854699709,2.2679595947,0.5264129639,0.8109436035
1649854699909,2.3713073730,0.5717926025,-1.1848907471
1649854700105,1.5289764404,-1.6408996582,-2.8804168701
1649854700295,0.2802429199,0.5957336426,-2.8251953125
1649854700498,-0.8170013428,0.8932342529,-2.6528167725
1649854700697,-1.7970733643,-1.5736999512,-1.7679595947
1649854700893,-1.5353240967,-5.0774078369,1.7037200928
1649854701089,1.1072387695,-3.9471740723,2.7244873047
1649854701281,2.1509704590,0.1828002930,1.4453887939
1649854701483,2.5031433105,2.4993286133,0.7635345459
1649854701679,2.7905578613,-1.8039398193,-1.3093261719
1649854701879,1.0562896729,-0.8605041504,-2.8683319092
1649854702074,0.0109100342,1.1342773438,-2.8551940918
1649854702265,-0.9992218018,-0.2151947021,-2.5369262695
1649854702469,-2.0942687988,-4.5628051758,0.5042266846
1649854702665,-0.1193237305,-4.6764373779,2.9915618896
1649854702863,1.7587280273,-0.7660675049,2.1745910645
1649854703060,2.5414428711,1.8441162109,1.0678710938
1649854703251,3.0740051270,-1.1112060547,-1.3376770020
1649854703456,1.2964935303,-1.8217773438,-2.8260498047
1649854703652,-0.6125335693,0.6749114990,-2.8203125000
1649854703848,-1.5144195557,0.6849212646,-2.4451751709
1649854704049,-2.2314605713,-3.3072814941,0.1158294678
1649854704240,-0.4933013916,-5.2882843018,2.7495880127
1649854704440,1.7474212646,-1.4829864502,2.1034240723
1649854704636,2.3522491455,1.6248779297,0.5870513916
1649854704829,2.7000274658,-0.9633178711,-1.6061553955
1649854705033,1.3423614502,-0.8552551270,-2.9070587158
1649854705230,-0.0892639160,0.0334930420,-2.5753479004
1649854705426,-1.4663543701,0.5835876465,-2.3023529053
1649854705625,-2.2412414551,-3.5230407715,-0.1320037842
1649854705816,-0.3251190186,-5.1417999268,2.8579711914
1649854706015,1.5802307129,-0.7116394043,2.4892425537
1649854706215,2.1541442871,1.3424072266,1.1530914307
1649854706410,2.7956237793,-0.3979644775,-1.0382232666
1649854706610,1.9173126221,-1.0345458984,-2.6511688232
1649854706800,0.6621551514,0.1946411133,-2.8099975586
1649854707005,-0.3742980957,1.1400909424,-2.5743713379
1649854707201,-1.9512023926,-2.4699707031,-0.6949768066
1649854707399,-1.4017181396,-5.5053863525,2.2959594727
1649854707595,0.9306945801,-2.2837677002,2.6913757324
1649854707786,1.7436370850,1.1233520508,1.4577331543
1649854707985,2.3185272217,1.0198669434,0.1898040771
1649854708187,2.0396728516,-1.7821807861,-2.2030334473
1649854708379,0.8209228516,-0.1676025391,-2.8597717285
1649854708579,0.1341247559,0.9675140381,-2.5134735107
1649854708773,-0.8978729248,-0.2282562256,-1.7429199219
1649854708973,-1.8285980225,-4.1794281006,1.0184478760
1649854709171,-0.0565948486,-4.2965393066,3.0169067383
1649854709364,1.2331390381,-0.4121856689,2.3309631348
1649854709567,1.9210357666,2.0705566406,1.2689056396
1649854709767,2.5531768799,0.7785186768,0.0819244385
1649854709959,1.9878692627,-0.7091369629,-1.3752288818
1649854710159,0.4751739502,-0.7738189697,-1.7804870605
1649854710348,-0.5608520508,-0.7526245117,-1.0362091064
1649854710550,-0.8190765381,-0.9441986084,-0.2379150391
1649854710746,-0.4874267578,-0.2463989258,0.1403808594
1649854710941,-0.0502319336,0.0336761475,0.0850372314
1649854711138,0.1583709717,-0.3800659180,-0.0159301758
1649854711334,0.1173248291,-0.2168273926,-0.0283966064
1649854711532,0.0760345459,-0.2278289795,0.0733184814
1649854711727,-0.0035095215,0.0250091553,0.0540618896
1649854711925,-0.0763854980,0.0818786621,-0.0040893555
1649854712123,-0.0566406250,0.2838287354,-0.0746917725
1649854712319,0.2094421387,-0.9967956543,-0.1487274170
1649854712515,0.2476196289,-0.6330108643,-0.3978424072
