1649862887414,-1.3818054199,-1.6310119629,0.0978546143
1649862887616,-0.9427642822,-2.3158569336,1.5172729492
1649862887811,0.4172058105,-2.1302185059,1.6755523682
1649862888012,1.4951934814,-0.8837432861,0.9612579346
1649862888211,1.7816314697,0.6905975342,0.2821502686
1649862888400,1.5978851318,0.6652984619,-0.8304138184
1649862888602,0.9106597900,0.2031707764,-1.8130035400
1649862888798,0.2347412109,0.0842437744,-1.8715209961
1649862888992,-0.3991546631,0.5417785645,-1.8083648682
1649862889194,-1.1649475098,-0.2358551025,-1.5104370117
1649862889391,-1.7976837158,-2.2835998535,0.0076904297
1649862889585,-0.7160186768,-3.0657043457,1.6532440186
1649862889783,0.7801818848,-1.2267913818,1.5195312500
1649862889975,1.6149291992,-0.2017669678,1.0233154297
1649862890176,1.9521331787,-0.3473968506,0.0294342041
1649862890375,1.4945220947,0.1989593506,-0.9866790771
1649862890570,0.6460266113,0.2806396484,-1.9125061035
1649862890771,0.1463928223,0.5978698730,-1.9145355225
1649862890960,-0.5026397705,0.4792327881,-1.7834930420
1649862891164,-1.4738006592,-0.8049316406,-1.4345703125
1649862891359,-1.8843078613,-2.4955139160,0.3249206543
1649862891556,-0.5716094971,-2.4118347168,1.8974151611
1649862891756,0.9148712158,-1.4106140137,1.7240447998
1649862891945,1.5662994385,-0.4407958984,0.6483612061
1649862892148,2.0551300049,0.3730621338,-0.1062927246
1649862892344,1.9435729980,0.2703094482,-1.2040252686
1649862892543,0.6625823975,-0.3984680176,-1.9525299072
1649862892742,-0.2543945312,-0.1140441895,-1.9590606689
1649862892930,-0.8876190186,0.5605468750,-1.9238128662
1649862893132,-1.9225463867,-1.8153686523,-0.9057312012
1649862893332,-1.4551696777,-2.7314300537,1.6372528076
1649862893524,0.5584259033,-2.9048614502,2.2106628418
1649862893724,1.7761993408,-1.5463409424,1.2571105957
1649862893918,1.7889099121,0.5744628906,-0.2598724365
1649862894118,1.7864074707,0.5100860596,-1.0819091797
1649862894312,0.8223266602,-0.0659027100,-1.9782409668
1649862894507,0.0847625732,0.0934753418,-2.0381011963
1649862894708,-0.6286621094,0.0353698730,-2.1231384277
1649862894908,-1.8276824951,-0.9625396729,-1.2530212402
1649862895103,-1.9915161133,-2.2057189941,0.7276611328
1649862895303,-0.3303833008,-2.8414459229,2.2301025391
1649862895492,1.4852447510,-1.8417053223,1.6747589111
1649862895696,2.0396728516,-0.8595428467,0.2597961426
1649862895892,1.7501831055,0.5674438477,-0.9479522705
1649862896088,0.9265441895,0.3376312256,-2.0062103271
1649862896286,0.0717468262,0.4143524170,-2.4375610352
1649862896479,-0.3700866699,0.9892425537,-2.2114105225
1649862896676,-1.0422210693,-0.7062225342,-1.7610778809
1649862896877,-1.7929229736,-2.4371185303,-0.0306701660
1649862897071,-0.7163848877,-3.2194519043,1.9479370117
1649862897273,1.3762664795,-2.4358367920,1.8382873535
1649862897462,1.9983825684,-0.1409149170,0.5747680664
1649862897664,1.9571380615,0.2619476318,-0.7178344727
1649862897862,1.4809722900,0.8127746582,-1.6866760254
1649862898058,0.5766906738,0.2263336182,-2.1528930664
1649862898258,-0.2452239990,0.5890655518,-2.1561889648
1649862898465,-1.4026336670,-0.6600952148,-1.5222930908
1649862898650,-2.1075286865,-1.8483581543,0.1704254150
1649862898849,-0.8996429443,-2.9837799072,2.0055389404
1649862899038,0.9397430420,-1.9013824463,1.8316802979
1649862899238,1.8391723633,-0.5848999023,0.6553344727
1649862899441,2.1527404785,0.2439270020,-0.5977325439
1649862899635,1.4180450439,0.2138061523,-1.7828826904
1649862899834,0.2377929688,-0.3432312012,-2.3469696045
1649862900024,-0.7743530273,0.4324340820,-2.2331542969
1649862900226,-1.6887664795,-0.9257659912,-1.7451324463
1649862900425,-1.9934692383,-3.0752868652,0.7218017578
1649862900619,0.1167144775,-3.0149383545,2.3126831055
1649862900818,1.5869445801,-1.0832366943,1.3981475830
1649862901009,1.9192047119,-0.3888702393,0.3767852783
1649862901213,1.7199401855,0.3153991699,-0.8723907471
1649862901408,1.1325836182,0.3607177734,-1.8888092041
1649862901605,0.5173797607,0.2328643799,-2.1445770264
1649862901802,-0.3387451172,0.1264038086,-2.0039520264
1649862901995,-1.4191894531,-0.0794067383,-1.6356658936
1649862902195,-2.1134490967,-1.4271697998,-0.4221191406
1649862902389,-1.2093048096,-3.1091918945,1.4848937988
1649862902591,0.7482299805,-2.5748748779,1.7844696045
1649862902788,1.7234191895,-1.3594818115,0.8527069092
1649862902989,2.1004486084,-0.0522766113,0.0371398926
1649862903182,1.6497497559,0.2017822266,-1.0505676270
1649862903381,0.8040008545,0.4801483154,-2.1415863037
1649862903571,0.0226440430,0.4136810303,-2.2720642090
1649862903776,-0.7996520996,0.3161926270,-2.1004791260
1649862903971,-1.2554168701,-0.1726837158,-1.7785491943
1649862904167,-1.7737426758,-2.7790222168,-0.0844268799
1649862904365,-0.6613464355,-2.9704742432,1.9682159424
1649862904557,1.0944671631,-1.7253265381,1.8289337158
1649862904759,1.8708190918,-0.5360870361,1.0020599365
1649862904957,2.1515808105,0.1332397461,-0.0567474365
1649862905153,2.0084533691,-0.1653594971,-1.3258972168
1649862905350,1.0844573975,-0.3356018066,-2.3166046143
1649862905541,-0.0397338867,0.1593170166,-2.3838653564
1649862905742,-1.1186370850,0.6982879639,-1.7441558838
1649862905942,-1.9548034668,-1.5255737305,-1.0506896973
1649862906139,-1.8074645996,-3.0419464111,1.1863708496
1649862906333,0.0286254883,-2.7586822510,2.2354736328
1649862906526,1.7377166748,-1.1983947754,1.4917297363
1649862906729,2.2527465820,-0.3993835449,-0.0925445557
1649862906926,1.6843872070,0.3704376221,-1.4867401123
1649862907123,0.6273345947,-0.2040252686,-2.2676086426
1649862907318,-0.1696624756,0.3780670166,-2.1470947266
1649862907515,-0.7355651855,0.8315124512,-1.9843444824
1649862907716,-1.6729431152,-0.7366333008,-1.3838653564
1649862907913,-1.7674560547,-3.5165863037,0.8337097168
1649862908106,0.5020599365,-3.4299621582,2.0729827881
1649862908305,1.9506683350,-0.5823364258,1.4898986816
1649862908501,2.1928710938,-0.2881317139,0.3355560303
1649862908699,1.7201843262,-0.0357208252,-1.1701812744
1649862908893,0.7379608154,-0.1670532227,-2.1168518066
1649862909089,-0.2831573486,-0.3682250977,-2.1502075195
1649862909293,-1.0577392578,0.6467285156,-1.8065795898
1649862909489,-1.7196807861,-0.2794647217,-1.1942443848
1649862909681,-1.8428344727,-2.2583160400,0.8310852051
1649862909882,-0.2863464355,-2.4030303955,2.1041412354
1649862910072,1.2391815186,-1.1675415039,1.6751861572
1649862910272,2.0662384033,-0.3213043213,0.4375610352
1649862910475,1.9838409424,0.3143005371,-1.2440948486
1649862910668,1.1407775879,0.2780761719,-2.1240539551
1649862910867,0.1069946289,0.0470428467,-2.0530700684
1649862911059,-0.9707489014,-0.0666961670,-1.4259643555
1649862911263,-1.9406890869,-1.3720703125,-0.5214385986
1649862911460,-1.5113220215,-2.8061981201,1.2920379639
1649862911654,0.2015533447,-1.9646759033,2.0622253418
1649862911849,1.3064422607,-0.5779876709,1.5024261475
1649862912048,2.0449829102,0.1596832275,0.4015197754
1649862912246,2.1377716064,0.1632843018,-1.2437896729
1649862912445,1.0004577637,-0.1057281494,-2.3996887207
1649862912634,-0.3710632324,-0.1171569824,-2.4367675781
1649862912837,-1.4121704102,0.2919464111,-2.0812988281
1649862913041,-2.5397644043,-3.5498199463,0.0559539795
1649862913233,0.0071868896,-3.7393646240,2.7508087158
1649862913430,2.5298919678,-0.6630859375,1.6601562500
1649862913620,3.2558441162,0.3710479736,-0.5365295410
1649862913822,1.7140655518,0.0802764893,-2.5817260742
1649862914021,-0.2067413330,-0.4367675781,-3.1341247559
1649862914216,-2.0368499756,-1.6288146973,-2.0270538330
1649862914414,-2.2929840088,-2.5724792480,1.0791015625
1649862914606,0.4614257812,-2.9816436768,2.5952148438
1649862914809,2.6215820312,-0.7881317139,1.4035949707
1649862915006,2.8506622314,0.0171051025,-0.6543579102
1649862915198,1.4245300293,-0.1129455566,-2.2733001709
1649862915404,-0.2105255127,-0.0163726807,-2.5164184570
1649862915593,-1.6357421875,0.1162567139,-2.1108551025
1649862915788,-2.8636627197,-2.6238555908,-0.3459320068
1649862915988,-0.4798583984,-3.8423004150,2.4438476562
1649862916189,2.0328826904,-0.7618103027,1.7858123779
1649862916384,2.6741790771,-0.0818481445,-0.0876007080
1649862916577,2.0592803955,0.1062316895,-1.9085388184
1649862916775,0.7132263184,-0.2641296387,-2.6957702637
1649862916970,-0.8319702148,-0.2009735107,-2.6139221191
1649862917173,-2.5302429199,-1.5311889648,-1.1457519531
1649862917368,-1.7184600830,-3.6332092285,2.0600280762
1649862917572,1.4353942871,-2.9939270020,2.4944915771
1649862917763,2.5693511963,-0.2617492676,0.5067138672
1649862917958,2.5691680908,0.7150268555,-1.1655426025
1649862918150,1.3094329834,-0.0880737305,-2.3588714600
1649862918349,-0.0741271973,0.2330474854,-2.5665740967
1649862918547,-1.2206573486,-0.4210052490,-2.2924804688
1649862918747,-2.4355621338,-2.2793273926,-0.4841156006
1649862918945,-0.7780914307,-4.0654602051,2.3308258057
1649862919137,1.7685699463,-1.2387847900,1.9803161621
1649862919341,2.7936706543,0.0926208496,0.8194732666
1649862919534,2.6571350098,0.1167449951,-0.8794708252
1649862919733,1.0899505615,-0.0665740967,-2.4941253662
1649862919931,0.0036468506,0.4130706787,-2.7288208008
1649862920122,-1.4376373291,-0.6743316650,-2.1660766602
1649862920325,-2.3623809814,-3.0571441650,0.1849670410
1649862920524,-0.2548217773,-3.4446868896,2.3851318359
1649862920716,1.7372283936,-0.7247924805,1.6969299316
1649862920914,2.6263427734,0.2284088135,0.5115966797
1649862921112,2.4426574707,0.2656097412,-1.2828826904
1649862921310,0.8732757568,-0.1178283691,-2.5343780518
1649862921506,-0.7605590820,-0.2821502686,-2.7670593262
1649862921699,-1.9797973633,-1.2196502686,-1.7707824707
1649862921901,-1.7262115479,-3.9389953613,1.5195312500
1649862922102,1.0267333984,-2.6340026855,2.4219055176
1649862922294,2.2324523926,-0.1638336182,1.4902801514
1649862922491,2.4521331787,0.5700683594,-0.7081756592
1649862922684,1.5892791748,0.5094757080,-2.0978546143
1649862922884,0.5074768066,0.7006683350,-2.5064544678
1649862923083,-0.7044219971,-0.2516021729,-2.4104309082
1649862923283,-2.3034362793,-3.3681945801,-0.1388549805
1649862923473,-0.4335021973,-3.1460876465,2.3988800049
1649862923669,1.9970245361,-0.8643798828,1.8793945312
1649862923873,2.7694702148,-0.1690216064,0.4991302490
1649862924070,2.0623931885,0.0053863525,-1.4863739014
1649862924264,0.7993011475,0.1145477295,-2.5147094727
1649862924460,-0.5694122314,0.0770416260,-2.5919189453
1649862924654,-1.9785614014,-1.8266143799,-1.4425048828
1649862924858,-1.7846069336,-3.3989257812,1.3274078369
1649862925054,0.5398559570,-2.0683898926,2.3742065430
1649862925252,2.3138275146,-0.1481323242,1.1448211670
1649862925447,2.6804656982,0.5820465088,-0.2434997559
1649862925642,1.9956207275,0.5136871338,-1.5688323975
1649862925842,0.4743194580,-0.0241241455,-2.4207000732
1649862926039,-1.1560974121,-0.9810485840,-2.3905792236
1649862926231,-2.2249298096,-2.8509826660,-0.1942596436
1649862926434,-0.6967163086,-2.9079742432,2.1999206543
1649862926628,1.6689300537,-0.7716979980,2.0109100342
1649862926828,2.6210327148,0.5019531250,0.8243560791
1649862927020,2.0646514893,-0.1040191650,-1.1542968750
1649862927215,0.8314819336,-0.0513000488,-2.4949798584
1649862927420,-0.4259796143,0.0095367432,-2.7248382568
1649862927617,-2.0078887939,-1.5924682617,-1.5618743896
1649862927814,-1.7430114746,-3.8629455566,1.7292480469
1649862928008,1.1152343750,-2.8125000000,2.4365081787
1649862928201,2.5847473145,0.2017822266,0.8389587402
1649862928404,2.2970886230,0.6339721680,-1.0664520264
1649862928599,0.8391265869,0.0675659180,-2.5759124756
1649862928800,0.0347442627,1.1436767578,-2.8016357422
1649862928996,-1.1631774902,-0.4079895020,-2.0527038574
1649862929185,-2.2821655273,-3.8060150146,0.6814117432
1649862929388,-0.0289154053,-3.2139587402,2.5573425293
1649862929588,2.1590423584,-0.4450683594,1.6011352539
1649862929782,2.7000732422,0.1968994141,-0.1715393066
1649862929979,1.8970947266,0.3753204346,-1.9493560791
1649862930175,0.7088928223,0.1831512451,-2.6715240479
1649862930374,-0.8813781738,-0.5329742432,-2.3875885010
1649862930571,-2.1474151611,-2.7365722656,-0.1452636719
1649862930763,-0.9105224609,-3.6274566650,2.3260650635
1649862930967,1.3293457031,-0.9746856689,2.2335205078
1649862931159,2.4460144043,-0.3116607666,0.5273590088
1649862931360,2.3617248535,0.3824615479,-1.5052490234
1649862931557,1.2748565674,0.2439270020,-2.5865478516
1649862931747,0.0024719238,0.0341491699,-2.6291198730
1649862931949,-1.7946929932,-1.3759155273,-1.8863067627
1649862932144,-2.3342132568,-2.8473205566,0.7844085693
1649862932345,0.0087127686,-3.2384033203,2.6032104492
1649862932538,1.9532318115,-0.2935180664,1.6257629395
1649862932732,2.8484649658,-0.0136108398,-0.1537017822
1649862932935,2.0084533691,0.2375183105,-2.0141601562
1649862933132,0.4341735840,-0.1977844238,-2.7921600342
1649862933330,-1.3381958008,-0.3187408447,-2.1500244141
1649862933528,-2.6273193359,-1.8192291260,-0.5557098389
1649862933719,-1.1396636963,-3.3943481445,2.1318054199
1649862933922,1.4057006836,-1.3768920898,2.1957702637
1649862934116,2.5156555176,0.1484527588,0.7604064941
1649862934316,2.2149963379,-0.0640106201,-1.5116577148
1649862934512,1.2416839600,0.4580383301,-2.5758666992
1649862934703,-0.2042388916,-0.2585754395,-2.6616210938
1649862934904,-2.3438720703,-1.9978942871,-1.2773284912
1649862935101,-1.6782073975,-3.6495056152,1.9791564941
1649862935299,1.4377136230,-2.4206237793,2.5084075928
1649862935497,2.9102783203,0.0763092041,0.7753143311
1649862935692,2.6545104980,0.1509552002,-1.3903350830
1649862935891,1.1762695312,-0.1207580566,-2.8449401855
1649862936085,-0.4017944336,0.2938385010,-2.8449401855
1649862936279,-2.4468536377,-1.9869079590,-1.7345123291
1649862936482,-1.6863861084,-4.5537872314,1.9549560547
1649862936676,1.5567169189,-2.4168243408,2.1926422119
1649862936878,3.0021514893,0.3225402832,0.7507476807
1649862937072,2.7551879883,0.2543792725,-1.1408691406
1649862937265,0.8544616699,-0.2660217285,-2.8652191162
1649862937467,-0.7626953125,0.1360473633,-3.2584381104
1649862937666,-2.4355621338,-2.4206237793,-1.5546722412
1649862937861,-1.5657348633,-3.4019927979,2.2825164795
1649862938058,1.7773590088,-2.3214263916,2.6269836426
1649862938250,3.1009979248,-0.0534362793,0.6159973145
1649862938451,2.5792541504,-0.2091522217,-1.4790954590
1649862938649,0.8224487305,-0.1926574707,-2.8192291260
1649862938843,-0.9059448242,0.0478363037,-2.8111572266
1649862939046,-2.2786865234,-1.0237426758,-1.6896057129
1649862939239,-1.8892517090,-4.3547668457,1.6492156982
1649862939433,1.4619140625,-2.7586212158,2.4129333496
1649862939634,2.8430175781,0.0231628418,0.7485504150
1649862939827,2.5259857178,0.2405700684,-1.2890014648
1649862940028,0.7526855469,-0.3506317139,-2.7845916748
1649862940227,-0.5648345947,0.5114898682,-2.7678527832
1649862940420,-1.5716705322,0.0945739746,-2.2707824707
1649862940619,-2.3419189453,-4.1642913818,0.9067077637
1649862940811,0.8745574951,-3.3646697998,2.7886810303
1649862941014,2.7221374512,-0.5322418213,1.1406707764
1649862941210,2.4181671143,0.0759429932,-1.0552825928
1649862941409,0.6329040527,-0.4043273926,-2.7676696777
