1649931056443,0.4653087556,-0.0373389684,0.7165910006,0.5182575583,0.0000000000
1649931056677,0.3266602755,-0.0546786189,0.6259767413,0.7060145140,0.0000000000
1649931056854,0.3869090378,-0.5057204962,0.4336130917,0.6375953555,0.0000000000
1649931057036,0.4472927749,-0.5900981426,0.5175258517,0.4288126826,0.0000000000
1649931057265,0.3999854326,-0.3859677911,0.7368498445,0.3848282397,0.0000000000
1649931057449,0.4156683385,-0.1637880206,0.8203721046,0.3569074571,0.0000000000
1649931057626,0.4888989031,-0.0581155457,0.7521564960,0.4380195141,0.0000000000
1649931057858,0.4164536595,-0.0417600088,0.6595448256,0.6243581176,0.0000000000
1649931058040,0.3060644269,-0.1370959580,0.5481607318,0.7661912441,0.0000000000
1649931058216,0.3692605793,-0.5626212955,0.4441718459,0.5914518833,0.0000000000
1649931058454,0.5089374185,-0.6430799365,0.4817137420,0.3088409305,0.0000000000
1649931058626,0.4369747639,-0.4174163043,0.7141368985,0.3533060551,0.0000000000
1649931058801,0.4971751571,-0.2252375185,0.7418431044,0.3895558119,0.0000000000
1649931059041,0.4828966558,-0.0889721885,0.6894120574,0.5325465202,0.0000000000
1649931059218,0.4043188691,-0.1214501932,0.5699387193,0.7049439549,0.0000000000
1649931059396,0.4516711235,-0.5040720105,0.4107917547,0.6108639240,0.0000000000
1649931059634,0.4843010604,-0.6689144373,0.4370954931,0.3563053012,0.0000000000
1649931059811,0.4943215549,-0.5645350218,0.5962815285,0.2852976620,0.0000000000
1649931059989,0.5159796476,-0.3647010922,0.7124711275,0.3051934242,0.0000000000
1649931060223,0.5217610598,-0.1835684329,0.7320725918,0.3976653218,0.0000000000
1649931060398,0.4999167621,-0.1152969524,0.6590520740,0.5499456525,0.0000000000
1649931060575,0.3902741969,-0.1863125861,0.5710088015,0.6977984309,0.0000000000
1649931060812,0.4471784532,-0.5904415846,0.4320728481,0.5145126581,0.0000000000
1649931060989,0.4870218039,-0.6152950525,0.5189412832,0.3390010595,0.0000000000
1649931061166,0.4479777515,-0.4335839450,0.7076430321,0.3325090110,0.0000000000
1649931061406,0.4500888288,-0.2182621360,0.7911902666,0.3518517017,0.0000000000
1649931061582,0.5522659421,-0.1447184831,0.7000432014,0.4289503694,0.0000000000
1649931061756,0.4727835357,-0.1233014837,0.6243979335,0.6094257236,0.0000000000
1649931061995,0.4714698792,-0.4647426009,0.4406465590,0.6062681675,0.0000000000
1649931062171,0.5056837797,-0.7147930861,0.3849107027,0.2918878794,0.0000000000
1649931062349,0.5262920260,-0.6059110761,0.5515155196,0.2274183035,0.0000000000
1649931062584,0.4272316992,-0.3436401486,0.7753728628,0.3133392632,0.0000000000
1649931062762,0.4980838597,-0.1403894424,0.7813097239,0.3489389420,0.0000000000
1649931062941,0.5059650540,-0.0861758664,0.6900100112,0.5103521347,0.0000000000
1649931063177,0.3931359053,-0.1370754242,0.5934428573,0.6888251305,0.0000000000
1649931063360,0.4376183748,-0.5517328978,0.4207735956,0.5718658566,0.0000000000
1649931063537,0.5023566484,-0.6810783148,0.4485012293,0.2874312997,0.0000000000
1649931063768,0.5003263354,-0.5001806021,0.6562041044,0.2624672353,0.0000000000
1649931063952,0.4688481987,-0.2495642751,0.7832053900,0.3232466578,0.0000000000
1649931064126,0.5304403305,-0.1764719933,0.7000407577,0.4443350434,0.0000000000
1649931064359,0.4139976799,-0.1471178830,0.6129161119,0.6567313671,0.0000000000
1649931064542,0.3423528373,-0.3603399694,0.4856462479,0.7190948129,0.0000000000
1649931064717,0.4408269823,-0.6796347499,0.4203309715,0.4087664485,0.0000000000
1649931064956,0.4465931654,-0.5590987802,0.6134893894,0.3340566754,0.0000000000
1649931065133,0.4227664769,-0.3211328089,0.7662941217,0.3618500829,0.0000000000
1649931065305,0.5362502337,-0.1916305572,0.7068427205,0.4196270108,0.0000000000
1649931065548,0.4673579633,-0.1365686804,0.6341734529,0.6006242633,0.0000000000
1649931065722,0.2926726043,-0.1403323710,0.5836110115,0.7443438172,0.0000000000
1649931065898,0.3676217198,-0.5484504700,0.4748045802,0.5819080472,0.0000000000
1649931066137,0.4473256767,-0.6232974529,0.5384160876,0.3485801816,0.0000000000
1649931066309,0.4445941746,-0.4533364773,0.7074901462,0.3102898598,0.0000000000
1649931066494,0.4053944945,-0.2167753130,0.8147597313,0.3533133268,0.0000000000
1649931066731,0.4681166410,-0.1175237820,0.7583529949,0.4381275177,0.0000000000
1649931066907,0.3785576820,-0.0528184958,0.6939668655,0.6101755500,0.0000000000
1649931067086,0.3048015833,-0.2043470442,0.5737667084,0.7322090268,0.0000000000
1649931067314,0.4000936151,-0.5712829828,0.4855404198,0.5270780921,0.0000000000
1649931067498,0.4732564688,-0.5728452206,0.5790761709,0.3354808688,0.0000000000
1649931067677,0.3722148538,-0.3474442959,0.7843443751,0.3543197513,0.0000000000
1649931067909,0.4210319817,-0.1617381126,0.8193891048,0.3537998199,0.0000000000
1649931068089,0.4652610719,-0.0841142759,0.7481897473,0.4654771984,0.0000000000
1649931068262,0.3833965659,-0.1037500128,0.6538104415,0.6440302134,0.0000000000
1649931068498,0.3098837733,-0.3002698720,0.5499213338,0.7151199579,0.0000000000
1649931068681,0.3978398740,-0.6210343838,0.4858862162,0.4689928293,0.0000000000
1649931068855,0.4387756288,-0.5535910726,0.6129602194,0.3539670408,0.0000000000
1649931069095,0.3578430116,-0.3115133047,0.7994950414,0.3683959544,0.0000000000
1649931069267,0.3583389819,-0.1177745685,0.8259439468,0.4189735949,0.0000000000
1649931069449,0.3866043985,-0.0886408761,0.7335265279,0.5519227386,0.0000000000
1649931069688,0.3068223894,-0.1416548193,0.6288623214,0.7002329230,0.0000000000
1649931069858,0.3182892799,-0.4646190405,0.4974635839,0.6598113775,0.0000000000
1649931070041,0.4070271850,-0.6261505485,0.5007318854,0.4376436472,0.0000000000
1649931070277,0.4142195880,-0.4499782622,0.6895698309,0.3878597319,0.0000000000
1649931070455,0.4405455589,-0.2424476892,0.7844806314,0.3629447520,0.0000000000
1649931070625,0.4585521519,-0.1197571009,0.7430782914,0.4724646509,0.0000000000
1649931070862,0.3793806732,-0.0859060511,0.6535461545,0.6492825747,0.0000000000
1649931071047,0.2809225917,-0.2097601593,0.5437497497,0.7625086308,0.0000000000
1649931071224,0.3704777360,-0.6038929224,0.4569502473,0.5378253460,0.0000000000
1649931071460,0.3510160446,-0.5604723096,0.6165071726,0.4272907972,0.0000000000
1649931071638,0.2628831863,-0.3680011928,0.7947442532,0.4047828317,0.0000000000
1649931071807,0.3497122824,-0.1938566864,0.8297696710,0.3893624842,0.0000000000
1649931072052,0.3793110251,-0.0747919828,0.7718911767,0.5046913624,0.0000000000
1649931072225,0.3653278649,-0.1096140519,0.6314446926,0.6751280427,0.0000000000
1649931072403,0.2846134007,-0.2663950324,0.5295258164,0.7534130812,0.0000000000
1649931072639,0.3863347769,-0.6539088488,0.4333995879,0.4850912094,0.0000000000
1649931072812,0.3855755031,-0.5552484989,0.6324016452,0.3782839775,0.0000000000
1649931072996,0.3302878737,-0.2979474962,0.8055152297,0.3915130496,0.0000000000
1649931073233,0.4050859511,-0.1285972744,0.8010845780,0.4214636087,0.0000000000
1649931073407,0.4450103939,-0.0827915370,0.6886200905,0.5664924383,0.0000000000
1649931073588,0.3311115205,-0.0673167035,0.5915993452,0.7320135236,0.0000000000
1649931073818,0.2994367480,-0.3838458955,0.4905995131,0.7227116227,0.0000000000
1649931074002,0.3763301969,-0.6370089650,0.4869939089,0.4641466141,0.0000000000
1649931074177,0.4068674147,-0.5538015962,0.6330369711,0.3564083576,0.0000000000
1649931074411,0.3498581648,-0.3340052664,0.7852087021,0.3866355419,0.0000000000
1649931074593,0.3865870237,-0.1322428435,0.8056575656,0.4289268255,0.0000000000
1649931074767,0.4274226129,-0.0955190957,0.7087158561,0.5530893803,0.0000000000
1649931075006,0.3148879111,-0.1202798858,0.6134803295,0.7141569853,0.0000000000
1649931075182,0.3692328632,-0.5666000247,0.4538291395,0.5802332759,0.0000000000
1649931075355,0.3985854685,-0.6852636337,0.4812260270,0.3741188049,0.0000000000
1649931075594,0.4295798540,-0.5429617167,0.6509851813,0.3112426996,0.0000000000
1649931075773,0.3442231417,-0.2875956893,0.8152457476,0.3662970066,0.0000000000
1649931075950,0.3889917135,-0.1300273538,0.8160882592,0.4071588218,0.0000000000
1649931076185,0.3877814114,-0.1002369747,0.7400833368,0.5402358174,0.0000000000
1649931076360,0.3192386925,-0.1521646231,0.6362895370,0.6856152415,0.0000000000
1649931076544,0.3886286020,-0.5634705424,0.4502318501,0.5733759999,0.0000000000
1649931076779,0.3788052797,-0.6694946885,0.4958705902,0.4029835761,0.0000000000
1649931076956,0.3791739047,-0.5058528781,0.6810185909,0.3695317507,0.0000000000
1649931077135,0.3891662657,-0.2816410363,0.7978270650,0.3642799854,0.0000000000
1649931077365,0.4249334037,-0.1390949190,0.7794057727,0.4388744533,0.0000000000
1649931077549,0.4118680954,-0.1169676706,0.6854586601,0.5889224410,0.0000000000
1649931077727,0.2989874482,-0.1507043242,0.5979924202,0.7282168269,0.0000000000
1649931077959,0.3797285855,-0.5786298513,0.4277048111,0.5814312100,0.0000000000
1649931078142,0.4162850380,-0.6890489459,0.4789301455,0.3500631750,0.0000000000
1649931078316,0.3854995370,-0.5079878569,0.6856740117,0.3509837985,0.0000000000
1649931078554,0.3737929761,-0.2651013434,0.8109076023,0.3639078736,0.0000000000
1649931078727,0.4368604720,-0.1399024874,0.7588747740,0.4622654021,0.0000000000
1649931078902,0.3743865192,-0.0932719558,0.6674953699,0.6368555427,0.0000000000
1649931079142,0.3226115108,-0.2708474100,0.5048221946,0.7534707189,0.0000000000
1649931079322,0.4371200204,-0.6743349433,0.3759492338,0.4613682628,0.0000000000
1649931079499,0.4393799603,-0.6088233590,0.5562411547,0.3561954498,0.0000000000
1649931079735,0.3419323564,-0.3752779067,0.7701738477,0.3861101568,0.0000000000
1649931079907,0.3647634387,-0.1718292832,0.8287583590,0.3880488873,0.0000000000
1649931080092,0.4581260085,-0.1298697591,0.7171552181,0.5088642240,0.0000000000
1649931080326,0.3371342719,-0.0913662612,0.6318068504,0.6919630170,0.0000000000
1649931080505,0.3615760207,-0.4065813124,0.4793441296,0.6886099577,0.0000000000
1649931080683,0.4332948327,-0.6361500621,0.4812557101,0.4194778204,0.0000000000
1649931080913,0.4408249855,-0.5395467281,0.6429966688,0.3179905117,0.0000000000
1649931081098,0.3699238002,-0.3177772462,0.8044805527,0.3390944600,0.0000000000
1649931081270,0.3657022417,-0.1121839210,0.8268428445,0.4123197198,0.0000000000
1649931081511,0.4163461626,-0.0718067735,0.7213988900,0.5487105846,0.0000000000
1649931081686,0.2997170985,-0.0555344708,0.6333071589,0.7113420963,0.0000000000
1649931081860,0.3989455402,-0.5075088143,0.4847368002,0.5901758075,0.0000000000
1649931082100,0.4437062442,-0.6203684807,0.5310460925,0.3691311181,0.0000000000
1649931082275,0.3743913770,-0.4541993439,0.7380597591,0.3298512101,0.0000000000
1649931082452,0.3494521976,-0.2374131233,0.8465437889,0.3238545358,0.0000000000
1649931082693,0.3701892793,-0.0757685676,0.8306331635,0.4089835286,0.0000000000
1649931082868,0.2846144736,-0.0358305685,0.7555729747,0.5889144540,0.0000000000
1649931083043,0.2529871464,-0.1852520257,0.6259364486,0.7140607238,0.0000000000
1649931083283,0.3952705860,-0.6067836285,0.4681960642,0.5063272119,0.0000000000
1649931083455,0.4617776871,-0.6291194558,0.5417506099,0.3122120202,0.0000000000
1649931083639,0.4188944995,-0.4198838770,0.7433612943,0.3092553914,0.0000000000
1649931083870,0.4289394021,-0.1924574673,0.8129208684,0.3437015414,0.0000000000
1649931084053,0.4351242185,-0.0833134130,0.7565038800,0.4810693264,0.0000000000
1649931084229,0.3691126704,-0.1093513668,0.6586468816,0.6465156078,0.0000000000
1649931084463,0.4010266364,-0.4386045635,0.4887776971,0.6386705041,0.0000000000
1649931084642,0.4498954415,-0.6666051149,0.4455799758,0.3933067918,0.0000000000
1649931084821,0.4621086121,-0.5791555643,0.6082368493,0.2847497165,0.0000000000
1649931085057,0.3838297129,-0.3413905501,0.7911124825,0.3320666552,0.0000000000
1649931085232,0.4307936430,-0.1726486832,0.7983942628,0.3836351335,0.0000000000
1649931085405,0.4118986130,-0.0867990926,0.7382743359,0.5270260572,0.0000000000
1649931085648,0.3141001165,-0.1002970636,0.6484753489,0.6861205101,0.0000000000
1649931085828,0.4314784110,-0.5231636167,0.4182173312,0.6043347120,0.0000000000
1649931086001,0.4257297814,-0.6622601151,0.4600896239,0.4104670882,0.0000000000
1649931086241,0.4265368283,-0.5030144453,0.6599166393,0.3599345088,0.0000000000
1649931086411,0.3285373747,-0.2155729532,0.8279312849,0.4001515806,0.0000000000
1649931086592,0.3512837887,-0.0752106160,0.8041127324,0.4736514986,0.0000000000
1649931086830,0.3048911393,-0.0088837733,0.7219207883,0.6211222410,0.0000000000
1649931087007,0.3210927844,-0.2218990624,0.5722486973,0.7212431431,0.0000000000
1649931087184,0.4145551324,-0.6151855588,0.4291429818,0.5152932405,0.0000000000
1649931087414,0.4198268950,-0.6058426499,0.5490220189,0.3940492868,0.0000000000
1649931087600,0.3112329543,-0.3354429901,0.7798945904,0.4270556271,0.0000000000
1649931087774,0.3248846233,-0.1241236925,0.8432800174,0.4097830057,0.0000000000
1649931088011,0.3616712391,-0.0852596015,0.7522836924,0.5440532565,0.0000000000
1649931088186,0.2989910245,-0.1613238156,0.6068066955,0.7185851336,0.0000000000
1649931088365,0.3345895112,-0.5423938632,0.4386872053,0.6335710287,0.0000000000
1649931088602,0.3798809350,-0.6862733364,0.4663631022,0.4089313149,0.0000000000
1649931088781,0.3227898479,-0.4265926182,0.7093728781,0.4589287043,0.0000000000
1649931088952,0.3166639507,-0.1734326929,0.8352921605,0.4146468937,0.0000000000
1649931089196,0.4139811993,-0.0932165757,0.7765378952,0.4657457769,0.0000000000
1649931089370,0.3762795925,-0.0914722905,0.6706011295,0.6327247620,0.0000000000
1649931089545,0.3573289812,-0.3583998680,0.5357754827,0.6758773327,0.0000000000
1649931089787,0.4684182405,-0.7035191655,0.4110436738,0.3415966332,0.0000000000
1649931089956,0.4003158212,-0.5738481879,0.6180167794,0.3584700525,0.0000000000
1649931090140,0.3300915956,-0.3237924874,0.7939447761,0.3947779536,0.0000000000
1649931090373,0.3692886829,-0.1269826740,0.8230969310,0.4123260081,0.0000000000
1649931090555,0.3978607059,-0.0867393985,0.7263479829,0.5537163615,0.0000000000
1649931090732,0.3669205606,-0.1927619725,0.5796289444,0.7015998960,0.0000000000
1649931090963,0.4187720418,-0.6382895112,0.3904614747,0.5145447850,0.0000000000
1649931091141,0.4362429976,-0.7119709253,0.4562645555,0.3075907528,0.0000000000
1649931091321,0.4339544773,-0.5084568262,0.6715887189,0.3195680380,0.0000000000
1649931091554,0.4010080993,-0.2449595928,0.8078538179,0.3557519913,0.0000000000
1649931091740,0.4160725474,-0.1119003668,0.7724417448,0.4665787518,0.0000000000
1649931091914,0.3592157662,-0.0946758613,0.6739094257,0.6386287212,0.0000000000
1649931092151,0.3800978959,-0.4633877277,0.4432311952,0.6665909886,0.0000000000
1649931092327,0.3549776673,-0.6947956085,0.4234487712,0.4603705704,0.0000000000
1649931092499,0.3245741129,-0.5218732953,0.6431580782,0.4567795992,0.0000000000
1649931092743,0.2050773203,-0.2134639174,0.8431968093,0.4487712085,0.0000000000
1649931092922,0.4124099612,-0.1166014373,0.7794649005,0.4568988979,0.0000000000
1649931093097,0.3641638756,-0.0182942115,0.7152975202,0.5961538553,0.0000000000
1649931093333,0.3459898233,-0.1792718470,0.5484271646,0.7398515344,0.0000000000
1649931093505,0.4062113464,-0.6089255214,0.4085479677,0.5452436209,0.0000000000
1649931093688,0.4764479399,-0.6102579832,0.5322214961,0.3425242901,0.0000000000
1649931093923,0.4483073652,-0.3827288449,0.7358914018,0.3331710696,0.0000000000
1649931094099,0.4380533993,-0.1762196273,0.7880631089,0.3949840665,0.0000000000
1649931094276,0.4350652099,-0.1228330508,0.7084607482,0.5419536233,0.0000000000
1649931094509,0.3552823663,-0.1456996650,0.5986708999,0.7029503584,0.0000000000
1649931094692,0.4248992503,-0.5735179782,0.4041409492,0.5720208883,0.0000000000
1649931094869,0.4446361661,-0.6958706975,0.4384657145,0.3546976745,0.0000000000
1649931095109,0.4785736799,-0.5394300818,0.6333293319,0.2808494270,0.0000000000
1649931095285,0.4120157063,-0.2434332222,0.7967954874,0.3689177036,0.0000000000
1649931095456,0.4550434947,-0.0790815279,0.7654470801,0.4480762482,0.0000000000
1649931095698,0.3787606061,-0.0271764118,0.6769054532,0.6305559874,0.0000000000
1649931095876,0.3711192310,-0.2893098891,0.5094810128,0.7204161286,0.0000000000
1649931096050,0.4615198076,-0.6826937795,0.3995916843,0.4015658796,0.0000000000
1649931096289,0.4685697258,-0.5973951817,0.5746262670,0.3055586219,0.0000000000
1649931096461,0.4695827663,-0.3636714220,0.7369718552,0.3226571381,0.0000000000
1649931096645,0.4146314263,-0.1184872314,0.8138040900,0.3895695508,0.0000000000
1649931096882,0.4354023337,-0.0729232058,0.7252463102,0.5283226371,0.0000000000
1649931097056,0.3352857828,-0.1058683395,0.6247068048,0.6972207427,0.0000000000
1649931097233,0.4153140485,-0.5634645224,0.4286928773,0.5711780190,0.0000000000
1649931097466,0.4556533694,-0.6812904477,0.4734797478,0.3225527108,0.0000000000
1649931097651,0.4464809299,-0.5003845692,0.6795640588,0.2974268794,0.0000000000
1649931097827,0.3991152942,-0.2408183068,0.8142149448,0.3460744917,0.0000000000
1649931098064,0.4700103998,-0.1394263357,0.7519214749,0.4407546222,0.0000000000
1649931098241,0.4228945971,-0.0883022323,0.6653060317,0.6088765860,0.0000000000
1649931098418,0.4071734548,-0.2962436080,0.5090417862,0.6980873346,0.0000000000
1649931098656,0.4655559659,-0.6703811288,0.3898318410,0.4264714420,0.0000000000
1649931098829,0.4408172667,-0.6433300972,0.5365104079,0.3224331439,0.0000000000
1649931099002,0.4550930858,-0.4474891424,0.7071290612,0.3043226600,0.0000000000
1649931099245,0.4290883839,-0.2068135887,0.8032677174,0.3575923741,0.0000000000
1649931099424,0.4730399251,-0.0946654379,0.7379185557,0.4719617665,0.0000000000
1649931099599,0.4176875949,-0.1178066358,0.6283682585,0.6456097960,0.0000000000
1649931099837,0.4385762811,-0.4722198844,0.4341928661,0.6293931603,0.0000000000
1649931100008,0.4487331510,-0.7091297507,0.4080268145,0.3595659733,0.0000000000
1649931100187,0.4320741296,-0.5873844624,0.6025045514,0.3244683743,0.0000000000
1649931100427,0.3856528997,-0.3332225680,0.7836741805,0.3550906479,0.0000000000
1649931100604,0.4420949519,-0.1538192034,0.7928150296,0.3903025389,0.0000000000
1649931100783,0.4236648381,-0.0619805567,0.7297644615,0.5330200791,0.0000000000
1649931101013,0.3307560980,-0.0796709359,0.6172980666,0.7093631029,0.0000000000
1649931101195,0.3744995296,-0.5043032169,0.4447443783,0.6384597421,0.0000000000
1649931101374,0.3997085094,-0.6741295457,0.4717585444,0.4040127397,0.0000000000
1649931101611,0.4016956389,-0.5061899424,0.6854475737,0.3355204761,0.0000000000
1649931101782,0.3499711752,-0.2443566620,0.8300277591,0.3589761555,0.0000000000
1649931101966,0.4019806385,-0.0848967135,0.8063930869,0.4253637195,0.0000000000
1649931102201,0.3847940862,-0.0692682117,0.6898232102,0.6093269587,0.0000000000
1649931102380,0.3816712201,-0.3494675756,0.5022403002,0.6927872300,0.0000000000
1649931102550,0.4046690166,-0.7111509442,0.3712079227,0.4389897287,0.0000000000
1649931102793,0.4470176995,-0.6828116179,0.5005861521,0.2887159884,0.0000000000
1649931102965,0.4303053319,-0.4518422484,0.7207185030,0.3020608425,0.0000000000
1649931103147,0.3715399802,-0.1871141195,0.8277845383,0.3764559329,0.0000000000
1649931103384,0.4167844355,-0.0865593553,0.7444689274,0.5143581033,0.0000000000
1649931103555,0.3956031799,-0.1555761397,0.5767586827,0.6975984573,0.0000000000
1649931103737,0.4518386126,-0.6554561257,0.3509958684,0.4929716289,0.0000000000
1649931103972,0.4617653489,-0.6470739841,0.4930637479,0.3534913361,0.0000000000
1649931104148,0.4876928627,-0.4332772493,0.6859673262,0.3222969174,0.0000000000
1649931104330,0.4459564686,-0.2090452611,0.7918213606,0.3611673713,0.0000000000
1649931104560,0.4608024955,-0.0820291117,0.7542722225,0.4604407847,0.0000000000
1649931104741,0.4059135616,-0.0978251994,0.6521350145,0.6327592731,0.0000000000
1649931104922,0.4199842215,-0.4436775446,0.4528338015,0.6493881941,0.0000000000
1649931105156,0.4577382505,-0.7255687118,0.3834034204,0.3420929313,0.0000000000
1649931105335,0.4581679404,-0.5895939469,0.5876531601,0.3116487265,0.0000000000
1649931105516,0.4665502012,-0.3381559253,0.7514835596,0.3213315606,0.0000000000
1649931105750,0.4803397954,-0.1299850941,0.7742931843,0.3909573555,0.0000000000
1649931105925,0.4847598672,-0.0937341824,0.6739749908,0.5495265722,0.0000000000
1649931106098,0.3592277169,-0.1715812236,0.5786935091,0.7117788792,0.0000000000
1649931106340,0.4316487014,-0.6181679368,0.4369329810,0.4905480444,0.0000000000
1649931106512,0.4519057870,-0.6335269213,0.5396078229,0.3213225901,0.0000000000
1649931106695,0.4234419167,-0.4207260013,0.7501568794,0.2845193446,0.0000000000
1649931106927,0.3904341757,-0.1653616577,0.8480991721,0.3177175522,0.0000000000
1649931107102,0.4555372894,-0.0871398523,0.7659930587,0.4451370835,0.0000000000
1649931107286,0.4454204738,-0.1700227112,0.6152831912,0.6277893186,0.0000000000
1649931107519,0.4219782352,-0.4897512794,0.4577023387,0.6103987694,0.0000000000
1649931107700,0.4487248659,-0.6657733917,0.4585745037,0.3809215426,0.0000000000
1649931107877,0.4128324687,-0.5079025030,0.6797825098,0.3309080303,0.0000000000
1649931108107,0.3962304592,-0.2584388256,0.8119372725,0.3420068622,0.0000000000
1649931108288,0.4212682247,-0.0883177221,0.7912619710,0.4343242645,0.0000000000
1649931108468,0.4000266790,-0.0799875259,0.6897767782,0.5981543660,0.0000000000
1649931108706,0.3406668007,-0.3125191629,0.5476529002,0.6973910332,0.0000000000
1649931108882,0.4261515141,-0.6552854180,0.4701358378,0.4098392427,0.0000000000
1649931109060,0.3633379936,-0.5310573578,0.6736744046,0.3634919524,0.0000000000
1649931109297,0.2813983858,-0.2674687207,0.8549839854,0.3439153731,0.0000000000
1649931109468,0.3593957126,-0.0714192688,0.8519818187,0.3739798963,0.0000000000
1649931109646,0.3825943470,-0.0104173860,0.7522236705,0.5363511443,0.0000000000
1649931109884,0.3123913705,-0.0763826147,0.6155699492,0.7194796801,0.0000000000
1649931110062,0.3669785559,-0.5343946815,0.4483114481,0.6154395938,0.0000000000
1649931110243,0.4288033843,-0.6610624790,0.4965087175,0.3641471267,0.0000000000
1649931110479,0.4290129244,-0.4482686818,0.7079403996,0.3373773396,0.0000000000
1649931110653,0.3821625710,-0.1746758670,0.8223192692,0.3837071061,0.0000000000
1649931110833,0.4115816057,-0.0624820031,0.7643471956,0.4924123585,0.0000000000
1649931111063,0.3406111002,-0.0529493652,0.6735226512,0.6538712978,0.0000000000
1649931111251,0.2407818586,-0.2100488842,0.5737394094,0.7541396618,0.0000000000
1649931111425,0.3540460765,-0.5984240770,0.5073502660,0.5090537667,0.0000000000
1649931111661,0.3526522815,-0.5398604274,0.6676206589,0.3721151650,0.0000000000
1649931111835,0.3031501770,-0.2901079655,0.8331300020,0.3603216708,0.0000000000
1649931112016,0.3374541700,-0.0825410187,0.8517425656,0.3922323287,0.0000000000
1649931112252,0.3660730422,-0.0565229096,0.7512825727,0.5462327003,0.0000000000
1649931112429,0.2837890089,-0.1428616792,0.6343511343,0.7047361135,0.0000000000
1649931112599,0.3340409696,-0.5273689628,0.5281655192,0.5756212473,0.0000000000
1649931112838,0.3241289258,-0.5236104131,0.6573138833,0.4344087839,0.0000000000
1649931113016,0.2700238824,-0.3293515444,0.8226954937,0.3765459359,0.0000000000
1649931113197,0.3722975254,-0.1593386084,0.8304421306,0.3825854361,0.0000000000
1649931113434,0.4196437895,-0.0893429071,0.7472105026,0.5075365901,0.0000000000
1649931113605,0.3927196562,-0.1872599274,0.6211700439,0.6518073082,0.0000000000
1649931113789,0.3404871821,-0.4417370856,0.5331889987,0.6361181736,0.0000000000
1649931114026,0.3676444888,-0.5905650258,0.5713717937,0.4354362488,0.0000000000
1649931114198,0.3835031390,-0.4411786199,0.7350970507,0.3433934748,0.0000000000
1649931114381,0.4283704162,-0.2433500141,0.8013146520,0.3393735290,0.0000000000
1649931114610,0.4951527119,-0.1195130646,0.7475475669,0.4262781739,0.0000000000
1649931114795,0.4916751683,-0.1576963663,0.6148065925,0.5961545706,0.0000000000
1649931114968,0.4429831803,-0.4564166367,0.4425158799,0.6321625113,0.0000000000
1649931115206,0.4856099486,-0.7633200884,0.3302837312,0.2691432536,0.0000000000
