1649931527639,2.2886657715,2.5107727051,-0.0927734375
1649931527875,2.0264892578,0.8892822266,-1.2612915039
1649931528051,0.1268005371,-0.6655578613,-2.0501098633
1649931528229,-1.8510742188,0.0905761719,-1.8890838623
1649931528467,-2.0619964600,-3.4474639893,0.6682434082
1649931528650,0.6764678955,-3.0742187500,1.7227325439
1649931528828,2.0693054199,0.3018646240,0.5173645020
1649931529059,2.3595275879,1.9564056396,-0.6400451660
1649931529241,1.7310638428,0.4548950195,-1.5710144043
1649931529419,0.0786743164,-0.1981964111,-2.1576232910
1649931529655,-1.6103210449,0.3292388916,-1.9049682617
1649931529832,-2.3508300781,-4.5027465820,0.6281890869
1649931530003,0.9774475098,-3.9224090576,1.7302551270
1649931530246,2.4532318115,0.7803649902,0.2744903564
1649931530420,2.3569030762,1.6306304932,-1.2153625488
1649931530599,1.3744964600,0.9555664062,-2.1766204834
1649931530838,-0.5148468018,0.7482299805,-2.4037475586
1649931531008,-1.9759979248,-1.3687286377,-1.3777923584
1649931531193,-1.5933990479,-5.7886962891,1.5027008057
1649931531426,1.9917297363,-0.9978790283,1.0435028076
1649931531604,2.8094940186,1.6352691650,-0.1691894531
1649931531778,2.1526947021,1.5276336670,-1.4386291504
1649931532017,0.6512908936,0.4693756104,-1.9429626465
1649931532194,-0.7747802734,0.6247100830,-2.3754577637
1649931532375,-2.4853973389,-4.3377532959,-0.0137176514
1649931532607,0.1313934326,-4.3358612061,1.9126586914
1649931532785,2.2276458740,0.8413391113,0.4893951416
1649931532965,2.5098724365,1.1795654297,-0.6131591797
1649931533202,1.8379058838,0.7345428467,-1.8595886230
1649931533381,-0.4400177002,-0.0062561035,-2.4019165039
1649931533551,-2.0561370850,-0.7525482178,-1.4625854492
1649931533791,-1.8990173340,-4.9119110107,1.4625701904
1649931533971,1.3987579346,-1.8284759521,1.4058227539
1649931534143,2.5375976562,1.3752899170,0.2678833008
1649931534382,2.4286193848,1.6728363037,-1.1561126709
1649931534555,1.4365081787,0.4230041504,-1.8507843018
1649931534739,-0.6390380859,-0.5579376221,-2.2609252930
1649931534974,-2.2640686035,-1.6476593018,-0.9234924316
1649931535149,-1.1723937988,-5.0511169434,1.7281799316
1649931535330,1.7715759277,0.2704162598,1.2084503174
1649931535561,2.4788970947,1.2540283203,0.9289703369
1649931535744,2.2889709473,0.8584289551,-0.7809143066
1649931535921,1.1187896729,-0.2305603027,-2.0287933350
1649931536155,-1.1920623779,-0.1721649170,-2.3352661133
1649931536335,-2.4475250244,-2.3180847168,-0.3657684326
1649931536509,-0.2700805664,-6.1979675293,1.5551757812
1649931536744,2.3730926514,0.7104187012,0.2557983398
1649931536927,2.7299652100,2.0663604736,-0.6008300781
1649931537098,1.8167114258,0.5973510742,-1.5303192139
1649931537340,-0.5724029541,-0.8667297363,-1.9173736572
1649931537518,-1.8657836914,-0.0584259033,-1.5984954834
1649931537696,-1.9579620361,-2.5136260986,0.6598815918
1649931537931,0.6382904053,-4.3183898926,1.3789978027
1649931538102,2.3863525391,1.0472412109,-0.0288696289
1649931538287,2.0085906982,1.6752929688,-1.1925201416
1649931538523,0.9223937988,0.4526367188,-1.6658172607
1649931538702,-0.9839324951,0.5746917725,-1.9989166260
1649931538879,-1.9964599609,-1.0766754150,-1.0951995850
1649931539107,-1.0427093506,-5.2302856445,1.8248748779
1649931539290,1.8366851807,-2.0478973389,0.8158416748
1649931539469,2.4988098145,1.7269592285,-0.5903167725
1649931539706,1.8547668457,1.6199951172,-1.5798645020
1649931539882,0.3096923828,0.5523223877,-2.3030700684
1649931540054,-1.2402038574,0.5622863770,-2.1618957520
1649931540292,-1.9626770020,-3.2816162109,0.0222625732
1649931540474,0.0153808594,-4.4579162598,2.2183990479
1649931540646,1.9819488525,-0.2644653320,0.6282348633
1649931540889,2.2627105713,1.2725372314,-0.8207397461
1649931541060,1.6461486816,1.6372833252,-2.0845031738
1649931541238,0.1167297363,-0.0704498291,-2.2041778564
1649931541478,-1.7392120361,0.4796295166,-1.6809082031
1649931541650,-2.2736663818,-4.0976715088,0.7319641113
1649931541834,0.6372528076,-3.9767303467,1.6653747559
1649931542068,2.2726135254,1.0654602051,0.1426696777
1649931542245,2.4376678467,1.2559204102,-1.1070556641
1649931542424,1.3668060303,1.3888549805,-2.1336822510
1649931542655,-0.6782531738,-0.5367279053,-2.0919647217
1649931542836,-2.0070800781,0.2696075439,-1.3305664062
1649931543016,-1.6581573486,-5.5094604492,1.4702606201
1649931543253,1.4535522461,-2.4274291992,1.1272583008
1649931543429,2.5440216064,1.2523803711,-0.4893951416
1649931543601,2.2495727539,2.9441833496,-1.3743133545
1649931543844,0.8393859863,0.4141387939,-2.0164489746
1649931544018,-0.6231536865,0.4133453369,-2.3213348389
1649931544197,-2.1962738037,-2.8855285645,-0.4115753174
1649931544432,-0.1450347900,-5.3065185547,2.1012268066
1649931544607,2.1787719727,-0.1419219971,0.6701507568
1649931544791,2.2285003662,1.2382659912,-0.8934326172
1649931545026,1.5729675293,1.9421081543,-2.2526855469
1649931545200,-0.1867523193,-0.3565826416,-2.4443054199
1649931545381,-2.0530853271,-1.5674591064,-0.8159790039
1649931545616,-0.8634796143,-5.4609527588,2.1722717285
1649931545795,1.8522644043,-0.8242187500,0.9226837158
1649931545973,2.2371673584,1.2360076904,-0.9303894043
1649931546209,1.8870849609,2.7298889160,-2.1212768555
1649931546383,0.0638275146,0.1528167725,-2.5350799561
1649931546563,-1.6855773926,-0.0249481201,-1.5858459473
1649931546796,-1.8697052002,-5.1337127686,1.3942718506
1649931546975,1.4166564941,-1.8158416748,1.4710540771
1649931547148,2.2856750488,1.3078460693,-0.1058959961
1649931547387,2.0129241943,1.2841949463,-1.3130950928
1649931547562,0.7448730469,0.4514007568,-2.1540222168
1649931547743,-0.9810638428,0.4488525391,-2.0525512695
1649931547978,-2.1079406738,-3.6165466309,0.1236724854
1649931548153,0.2464752197,-5.4814758301,2.0263366699
1649931548337,2.0742492676,-0.2833404541,0.3595123291
1649931548573,2.1745605469,1.9079589844,-1.2443847656
1649931548749,1.9692535400,2.6735687256,-2.0515747070
1649931548929,0.2861175537,-0.0527954102,-2.3505401611
1649931549159,-1.0822296143,0.1522064209,-2.0312957764
1649931549341,-2.0827178955,-6.5994415283,0.9071655273
1649931549521,1.1389465332,-3.2767944336,1.4486999512
1649931549749,2.1589202881,0.7410278320,-0.3442535400
1649931549927,2.1611175537,2.1955566406,-1.6163330078
1649931550104,1.2560577393,1.5722961426,-2.1600036621
1649931550347,-0.6514434814,0.5305175781,-2.3642272949
1649931550524,-2.2363433838,-1.8568267822,-0.8289184570
1649931550695,-0.3731384277,-6.5588073730,1.8474731445
1649931550937,2.0878753662,-0.2176666260,0.3796234131
1649931551114,2.4979553223,2.2200012207,-0.7356414795
1649931551292,1.9457855225,1.9194488525,-1.4666748047
1649931551529,0.4626617432,0.6501770020,-2.1092529297
1649931551700,-0.8558349609,1.4269104004,-2.4007568359
1649931551884,-2.2428283691,-6.1592407227,0.0597686768
1649931552121,0.9381561279,-4.8285827637,1.4998931885
1649931552296,2.5355224609,1.8125457764,-0.1590423584
1649931552479,2.4664306641,2.1653289795,-1.1476135254
1649931552705,1.4760284424,0.9460906982,-2.1156005859
1649931552889,-0.8371429443,-0.1463317871,-2.4510955811
1649931553062,-2.1974945068,-2.0887603760,-0.8245239258
1649931553301,-0.4669036865,-6.7423248291,1.8210296631
1649931553482,2.2230072021,0.2386474609,0.4552459717
1649931553654,2.6979522705,1.7904357910,-0.8927612305
1649931553895,1.9040679932,1.9309997559,-1.8992919922
1649931554071,0.0017547607,-0.4851684570,-2.4071044922
1649931554243,-1.7632293701,-0.1630706787,-1.8180999756
1649931554485,-1.8185119629,-6.0498352051,1.3746643066
1649931554660,1.5199584961,-2.5273742676,1.1967163086
1649931554841,2.8049163818,1.6670379639,-0.2117004395
1649931555078,2.3605651855,2.5995330811,-1.4230499268
1649931555253,1.0795135498,-0.0998382568,-2.2104644775
1649931555429,-1.3236999512,-0.3636779785,-2.2207336426
1649931555666,-2.3055572510,-1.5279235840,-0.3696746826
1649931555841,-0.4190063477,-6.0816040039,1.8855895996
1649931556024,2.1832275391,0.6546478271,0.4294586182
1649931556252,2.6111450195,2.3229370117,-0.4825592041
1649931556437,2.0133514404,0.8818817139,-1.5616607666
1649931556614,-0.2376403809,0.2468261719,-2.3284301758
1649931556850,-1.8921813965,-0.4263458252,-1.6300201416
1649931557024,-1.5055694580,-7.6947937012,1.2926177979
1649931557198,1.7497558594,-1.6573181152,0.6278839111
1649931557443,2.3726654053,0.8608703613,-1.0568389893
1649931557613,1.8667449951,3.0591583252,-2.0032653809
1649931557796,0.5313262939,0.4079132080,-2.2507324219
1649931558031,-1.4912109375,0.6865844727,-1.9874420166
1649931558203,-2.3490447998,-3.5979919434,-0.1497650146
1649931558386,0.3749389648,-5.0465393066,1.6948852539
1649931558619,2.2568969727,0.0299682617,-0.1339416504
1649931558800,2.1956939697,2.4755249023,-1.5319671631
1649931558979,1.2629547119,1.5473632812,-2.1494445801
1649931559208,-0.8945617676,0.0854949951,-2.2214660645
1649931559391,-2.5137329102,-2.1331176758,-0.4779205322
1649931559571,-0.4102172852,-5.8016357422,1.9005584717
1649931559806,2.0138397217,-1.0787658691,-0.1652221680
1649931559984,2.4704589844,3.3435058594,-1.2364349365
1649931560162,1.6570892334,1.7657623291,-1.6102905273
1649931560399,-0.0581054688,-0.3287353516,-2.1946411133
1649931560575,-1.9583435059,-0.6611633301,-1.4126129150
1649931560746,-1.7116699219,-4.1174011230,1.2938385010
1649931560990,1.2881317139,-0.8100433350,1.3290863037
1649931561168,2.3533020020,0.8638610840,0.4387512207
1649931561342,2.0489654541,1.0664367676,-0.7882385254
1649931561581,0.7736511230,1.0392456055,-1.7793121338
1649931561752,-0.8440399170,0.5448150635,-2.1491394043
1649931561935,-2.1232147217,-2.7001342773,-0.8054656982
1649931562172,-0.2116088867,-5.9915008545,1.5420379639
1649931562351,2.0548248291,0.7525634766,0.3523101807
1649931562522,2.5515289307,1.1313629150,-0.6788940430
1649931562756,1.8546447754,1.9271392822,-1.8355712891
1649931562939,-0.4714813232,-0.0381469727,-2.1251831055
1649931563119,-2.1453247070,-0.6656951904,-1.0957489014
1649931563353,-0.9593200684,-6.5758514404,1.9481506348
1649931563531,1.5476837158,-0.6584167480,0.6470642090
1649931563705,2.3964233398,2.1202392578,-0.9201965332
1649931563946,2.1415100098,2.1923828125,-1.5735168457
1649931564118,0.2830047607,-0.1752166748,-1.8840179443
1649931564294,-1.7053833008,0.1985015869,-1.9752807617
1649931564533,-2.5269317627,-4.1827697754,0.4819946289
1649931564711,0.6519622803,-4.1846008301,1.3549957275
1649931564887,2.3105468750,1.0219573975,-0.4317932129
1649931565128,2.3995513916,3.0005035400,-1.2151794434
1649931565298,1.1744384766,0.7328948975,-1.9751586914
1649931565481,-1.1758117676,-0.9414978027,-2.2878570557
1649931565718,-2.4454345703,0.0394287109,-0.8738250732
1649931565897,-0.8726348877,-6.2459259033,1.4884643555
1649931566073,2.1088867188,-1.3956756592,0.1595153809
1649931566305,2.5268554688,2.4545745850,-0.8470001221
1649931566488,1.8811645508,2.0591583252,-1.6375274658
1649931566663,-0.3694000244,-0.7493133545,-2.2680053711
1649931566902,-2.1133117676,0.1489715576,-1.2867126465
1649931567079,-1.6356201172,-5.9993743896,1.5126647949
1649931567249,1.4256286621,-2.3518676758,0.6531677246
1649931567491,2.2462158203,1.7915344238,-0.9449310303
1649931567670,2.3221435547,3.0185241699,-1.5217132568
1649931567841,0.5430450439,0.2924041748,-2.2693023682
1649931568084,-1.7976226807,-0.2333831787,-2.1843872070
1649931568259,-2.1511230469,-4.3396453857,0.4546356201
1649931568437,0.8939971924,-4.1065979004,1.3843688965
1649931568674,2.6365051270,0.9832916260,-0.0660705566
1649931568846,2.5624694824,2.8241424561,-0.9564666748
1649931569029,1.1873321533,0.7850646973,-2.2198181152
1649931569263,-1.0657958984,0.1057128906,-2.4794311523
1649931569444,-2.2521057129,-3.3469238281,-0.5152435303
1649931569619,0.2122039795,-5.1298675537,1.6460113525
1649931569854,2.4570312500,-0.5177307129,-0.1547698975
1649931570036,2.6089477539,3.3984222412,-0.9217681885
1649931570211,1.8602600098,1.6496887207,-1.6031951904
1649931570448,-0.4560241699,-0.8663482666,-2.3369750977
1649931570623,-2.1590728760,-0.4356994629,-1.6267242432
1649931570796,-1.6329193115,-5.8771972656,1.2397766113
1649931571039,1.6251373291,-1.8883361816,0.7829742432
1649931571218,2.8532409668,1.4878692627,-0.2790222168
1649931571391,2.4535369873,2.5614776611,-1.3244018555
1649931571631,0.9308319092,0.5250091553,-2.1860961914
1649931571803,-1.1179656982,-0.5198211670,-2.4510955811
1649931571987,-2.2092285156,-3.9257202148,0.0838317871
1649931572223,0.3508758545,-4.6777038574,1.7771606445
1649931572397,2.4589233398,0.3937377930,-0.0297241211
1649931572577,2.6038818359,3.0149230957,-0.7809753418
1649931572807,1.8075408936,1.3777923584,-1.6576385498
1649931572991,-0.3619537354,-0.1064910889,-2.4493865967
1649931573169,-2.1416015625,-2.8183288574,-1.2200622559
1649931573402,-0.7565155029,-5.5192413330,1.5987243652
1649931573581,2.0484771729,-0.8804626465,0.5261077881
1649931573756,2.7337493896,1.6782226562,-0.5902557373
1649931573995,1.8809814453,2.0074768066,-1.6876831055
1649931574173,0.2047576904,0.4795684814,-2.2047882080
1649931574344,-1.4144744873,0.2621612549,-2.1595764160
1649931574586,-2.2812347412,-4.9318847656,0.2162780762
1649931574764,0.6641845703,-3.6696472168,1.3532257080
1649931574943,2.5129241943,0.4833526611,-0.0756072998
1649931575179,2.6289825439,3.2894439697,-0.9205474854
1649931575350,1.4077301025,0.5404052734,-1.6584320068
1649931575534,-0.7024536133,0.2751159668,-2.3335571289
1649931575766,-1.9317626953,-1.3632354736,-1.4781036377
1649931575944,-0.9192504883,-6.5483703613,1.4221343994
1649931576125,2.2020416260,-1.7073364258,0.3773040771
1649931576354,2.7051696777,1.5316162109,-1.0746765137
1649931576535,1.8010101318,3.2895660400,-1.9546356201
1649931576712,-0.1606750488,-0.5827331543,-2.3005065918
1649931576949,-1.8953552246,0.5627136230,-2.1365509033
1649931577125,-2.0605926514,-5.6161193848,0.7332458496
1649931577305,1.2198944092,-3.6825866699,1.1579895020
1649931577538,2.4467010498,0.9652099609,-0.3322906494
1649931577717,2.4007110596,2.9085693359,-0.7848205566
1649931577890,1.6011352539,1.2323455811,-1.7766265869
1649931578130,-0.5858917236,-0.0688018799,-2.4565887451
1649931578307,-2.0423889160,-1.1257324219,-1.3796844482
1649931578490,-1.0592498779,-6.6316833496,1.4552307129
1649931578724,1.8769989014,-0.8783874512,0.4876708984
1649931578897,2.5419311523,2.0834045410,-0.8353424072
1649931579081,2.0966186523,2.7814483643,-1.4688720703
1649931579315,0.2396392822,-0.2486419678,-2.2545776367
1649931579493,-1.9742736816,-0.8775329590,-1.9366149902
1649931579669,-1.6803894043,-5.0570526123,1.4284210205
1649931579901,2.0224609375,-1.9440002441,1.1328125000
1649931580087,2.8416290283,1.8292236328,-0.4696197510
1649931580259,2.2227630615,2.1564025879,-1.5257415771
1649931580500,0.3699951172,-0.1392364502,-2.5193328857
1649931580676,-1.8856506348,-0.5366058350,-1.8260498047
1649931580856,-1.8045806885,-5.5948028564,1.1953125000
1649931581090,1.4432830811,-2.6554718018,1.1282348633
1649931581267,2.4283142090,1.4004516602,-0.5558013916
1649931581441,2.2492675781,2.8233489990,-1.5264129639
1649931581680,0.7528228760,-0.1310577393,-2.1138305664
1649931581854,-1.5971832275,-0.4099731445,-1.7128601074
1649931582038,-2.1360931396,-5.2473907471,1.4370880127
1649931582274,1.3360137939,-3.2355499268,1.1758880615
1649931582444,2.4846954346,1.9945220947,-0.6702270508
1649931582629,2.1612396240,3.1306762695,-1.2630767822
1649931582860,1.0804901123,0.1558074951,-1.8785858154
1649931583038,-0.9034881592,0.1903228760,-2.3724060059
1649931583216,-2.4490509033,-3.2248687744,-0.4068756104
1649931583454,-0.0591430664,-6.0826416016,1.7522430420
1649931583629,2.7137756348,1.0408325195,-0.0653381348
1649931583809,2.8869628906,2.7405242920,-1.0013122559
1649931584047,1.6810455322,1.1106567383,-2.0019836426
1649931584225,-0.4703216553,0.1841583252,-2.8369750977
1649931584394,-2.3979187012,-2.2949371338,-1.0887908936
1649931584636,-0.4411773682,-6.9934997559,2.0122833252
